1995 GOME/SCIA/GOME2 merged V3   Mark.Weber@uni-bremen.de
lat0 lat1   Jan   Feb   Mar   Apr   May   Jun   Jul   Aug   Sep   Oct   Nov   Dec
 -90  -85   0.0   0.0   0.0   0.0   0.0   0.0   0.0   0.0 125.7 133.7 169.0   0.0
 -85  -80   0.0   0.0   0.0   0.0   0.0   0.0   0.0   0.0 133.5 136.7 202.6 265.0
 -80  -75   0.0   0.0   0.0   0.0   0.0   0.0   0.0   0.0 154.2 152.8 221.9 275.5
 -75  -70   0.0   0.0   0.0   0.0   0.0   0.0   0.0 224.0 184.1 186.2 247.3 286.7
 -70  -65   0.0   0.0   0.0   0.0   0.0   0.0   0.0 250.8 229.0 240.4 272.4 292.4
 -65  -60   0.0   0.0   0.0   0.0   0.0   0.0 297.5 291.9 290.6 292.0 302.9 301.1
 -60  -55   0.0   0.0   0.0   0.0   0.0   0.0 306.2 324.3 341.2 329.7 324.8 307.7
 -55  -50   0.0   0.0   0.0   0.0   0.0   0.0 322.2 342.1 354.3 347.8 331.3 304.9
 -50  -45   0.0   0.0   0.0   0.0   0.0   0.0 324.9 344.1 352.4 346.8 328.1 297.0
 -45  -40   0.0   0.0   0.0   0.0   0.0   0.0 322.5 335.8 343.2 340.1 318.5 290.5
 -40  -35   0.0   0.0   0.0   0.0   0.0   0.0 311.9 320.0 330.9 329.5 307.5 287.8
 -35  -30   0.0   0.0   0.0   0.0   0.0   0.0 292.7 298.9 311.8 314.0 295.2 283.3
 -30  -25   0.0   0.0   0.0   0.0   0.0   0.0 276.0 280.1 291.6 297.5 285.5 275.0
 -25  -20   0.0   0.0   0.0   0.0   0.0   0.0 265.0 270.2 277.1 284.5 276.7 268.3
 -20  -15   0.0   0.0   0.0   0.0   0.0   0.0 258.0 265.6 268.9 276.0 269.7 264.1
 -15  -10   0.0   0.0   0.0   0.0   0.0   0.0 255.0 261.6 264.2 268.1 262.7 259.5
 -10   -5   0.0   0.0   0.0   0.0   0.0   0.0 254.9 259.0 261.8 263.8 256.7 254.0
  -5    0   0.0   0.0   0.0   0.0   0.0   0.0 259.9 261.3 262.8 261.6 252.0 248.3
   0    5   0.0   0.0   0.0   0.0   0.0   0.0 264.6 263.8 263.3 261.3 250.0 246.1
   5   10   0.0   0.0   0.0   0.0   0.0   0.0 267.7 266.1 265.3 263.5 251.5 245.8
  10   15   0.0   0.0   0.0   0.0   0.0   0.0 269.5 268.4 266.8 263.3 252.5 246.1
  15   20   0.0   0.0   0.0   0.0   0.0   0.0 272.4 271.3 268.9 264.0 253.3 247.5
  20   25   0.0   0.0   0.0   0.0   0.0   0.0 277.8 275.8 272.0 266.4 257.5 253.1
  25   30   0.0   0.0   0.0   0.0   0.0   0.0 284.1 280.4 274.7 268.6 263.7 265.3
  30   35   0.0   0.0   0.0   0.0   0.0   0.0 288.1 283.7 278.2 272.2 273.7 283.6
  35   40   0.0   0.0   0.0   0.0   0.0   0.0 295.4 288.0 282.7 277.6 287.2 309.0
  40   45   0.0   0.0   0.0   0.0   0.0   0.0 306.2 295.5 289.0 285.2 299.8 326.2
  45   50   0.0   0.0   0.0   0.0   0.0   0.0 318.4 304.3 295.8 292.8 308.3 335.1
  50   55   0.0   0.0   0.0   0.0   0.0   0.0 326.3 309.4 299.7 297.5 312.3 334.1
  55   60   0.0   0.0   0.0   0.0   0.0   0.0 326.2 307.9 298.9 299.4 311.8 327.7
  60   65   0.0   0.0   0.0   0.0   0.0   0.0 319.6 302.0 294.2 299.1 316.6 329.9
  65   70   0.0   0.0   0.0   0.0   0.0   0.0 311.8 297.2 289.1 297.5 316.0 336.0
  70   75   0.0   0.0   0.0   0.0   0.0   0.0 305.4 290.5 285.8 292.4 297.9   0.0
  75   80   0.0   0.0   0.0   0.0   0.0   0.0 304.2 283.5 281.3 283.7   0.0   0.0
  80   85   0.0   0.0   0.0   0.0   0.0   0.0 301.2 280.6 277.5 272.8   0.0   0.0
  85   90   0.0   0.0   0.0   0.0   0.0   0.0 298.4 280.4 274.7   0.0   0.0   0.0
1996 GOME/SCIA/GOME2 merged V3   Mark.Weber@uni-bremen.de
lat0 lat1   Jan   Feb   Mar   Apr   May   Jun   Jul   Aug   Sep   Oct   Nov   Dec
 -90  -85 258.6 257.1 251.2   0.0   0.0   0.0   0.0   0.0 130.4 143.7 190.5 280.8
 -85  -80 275.1 259.2 255.8   0.0   0.0   0.0   0.0   0.0 137.3 146.8 196.5 282.0
 -80  -75 279.8 263.0 264.2 253.0   0.0   0.0   0.0   0.0 162.6 166.6 215.7 285.7
 -75  -70 283.6 272.6 273.4 264.8   0.0   0.0   0.0 200.5 196.1 202.5 240.1 292.3
 -70  -65 288.8 281.5 280.7 281.2 302.3   0.0   0.0 237.8 236.1 252.0 269.1 296.8
 -65  -60 295.5 287.3 284.6 288.2 302.1 324.1 299.2 289.3 286.1 305.4 300.3 303.2
 -60  -55 299.5 288.4 285.6 288.5 299.2 302.2 311.8 329.8 332.7 342.8 324.3 308.9
 -55  -50 295.5 284.1 279.6 285.3 296.9 313.7 329.0 353.7 358.5 355.8 335.5 309.6
 -50  -45 286.0 277.7 272.6 278.0 289.2 318.4 334.0 358.0 363.8 353.0 335.2 303.2
 -45  -40 276.3 272.8 268.6 270.8 282.0 313.6 331.3 349.6 356.5 343.1 326.0 293.7
 -40  -35 273.6 272.1 266.7 266.7 274.5 302.9 321.2 333.6 339.6 331.0 315.3 286.1
 -35  -30 272.2 268.5 263.2 261.9 267.3 287.3 300.6 310.0 318.6 316.1 303.8 279.0
 -30  -25 267.7 263.3 258.7 257.8 260.3 271.7 281.1 287.9 298.7 300.5 293.6 274.8
 -25  -20 263.5 260.4 255.5 254.6 256.2 262.2 269.6 273.4 284.1 286.8 282.1 269.4
 -20  -15 260.7 257.7 253.9 251.0 252.2 254.0 259.6 265.4 272.1 277.3 273.0 264.9
 -15  -10 257.8 255.9 252.9 250.0 249.0 248.0 252.9 259.0 264.5 269.8 265.9 261.3
 -10   -5 253.5 253.3 251.7 248.5 247.7 245.1 249.5 255.7 260.9 265.4 261.7 258.6
  -5    0 248.8 250.6 250.5 248.4 247.9 245.7 250.2 255.9 259.4 262.6 258.1 255.4
   0    5 246.1 249.2 252.1 252.4 252.7 251.1 256.4 259.3 259.7 260.3 254.5 251.6
   5   10 245.4 248.8 253.8 257.3 261.0 260.9 266.0 266.5 264.2 261.3 252.2 245.6
  10   15 247.4 253.0 259.8 264.4 268.7 270.3 273.4 271.6 268.5 263.0 251.1 240.0
  15   20 250.4 259.1 268.3 273.1 276.0 277.7 277.4 273.2 270.5 263.8 251.0 239.3
  20   25 258.9 271.4 279.0 284.2 285.4 286.2 281.5 276.0 272.0 264.9 253.3 244.0
  25   30 273.4 288.8 292.5 297.0 297.1 293.6 285.9 279.4 273.4 266.7 255.9 251.2
  30   35 296.9 314.1 314.9 313.5 310.8 300.8 289.1 282.8 277.4 270.7 262.0 265.4
  35   40 326.1 344.7 342.6 339.6 331.4 313.1 298.2 287.8 285.0 278.3 274.5 288.5
  40   45 349.4 366.2 366.6 363.6 351.6 327.4 308.4 294.2 295.2 285.9 290.5 310.4
  45   50 365.4 380.2 384.9 378.6 364.6 339.5 320.6 302.3 302.9 294.4 303.2 326.4
  50   55 367.0 386.0 394.4 383.7 372.3 347.1 328.6 308.0 303.3 301.1 311.4 338.5
  55   60 362.8 383.4 394.4 384.4 375.9 348.8 329.7 310.7 301.1 303.9 316.7 347.4
  60   65 362.5 375.8 388.8 387.5 375.7 344.4 322.3 307.8 296.0 303.6 325.8 358.8
  65   70 365.0 363.6 380.3 394.5 376.2 341.1 315.1 303.0 291.1 303.1 330.8 364.2
  70   75 398.6 351.8 370.8 403.6 376.8 342.7 313.5 299.0 288.9 297.1 335.9   0.0
  75   80   0.0 343.1 358.8 407.2 378.2 346.1 315.8 296.1 283.0 281.3   0.0   0.0
  80   85   0.0 365.0 357.2 408.5 377.9 346.6 320.0 295.4 273.7 270.9   0.0   0.0
  85   90   0.0   0.0 365.7 411.2 378.5 346.7 323.3 295.7 270.3   0.0   0.0   0.0
1997 GOME/SCIA/GOME2 merged V3   Mark.Weber@uni-bremen.de
lat0 lat1   Jan   Feb   Mar   Apr   May   Jun   Jul   Aug   Sep   Oct   Nov   Dec
 -90  -85 281.0 270.1 252.0   0.0   0.0   0.0   0.0   0.0 160.1 142.2 219.7 276.5
 -85  -80 282.6 272.0 258.6   0.0   0.0   0.0   0.0   0.0 147.7 146.2 223.0 278.1
 -80  -75 285.0 273.7 273.9 269.1   0.0   0.0   0.0   0.0 168.8 164.6 236.6 282.7
 -75  -70 289.3 278.5 284.5 287.3   0.0   0.0   0.0 239.1 205.8 196.7 258.9 288.9
 -70  -65 295.8 285.9 290.5 302.7 326.9   0.0   0.0 276.0 248.6 237.6 281.7 290.9
 -65  -60 303.6 292.0 291.5 301.4 310.6 302.0 297.3 300.4 290.8 282.2 301.6 297.9
 -60  -55 306.2 295.1 288.4 294.0 294.8 298.5 303.4 315.1 322.6 322.8 316.4 305.5
 -55  -50 300.4 290.7 280.0 283.8 288.2 300.5 305.0 325.2 335.5 340.2 321.1 305.8
 -50  -45 289.2 282.1 272.1 274.1 283.2 297.9 303.5 323.4 334.4 336.7 318.2 299.1
 -45  -40 277.7 274.1 267.5 268.0 277.2 290.4 297.7 315.1 328.0 327.1 311.0 291.3
 -40  -35 270.5 269.2 264.5 264.3 269.6 279.4 287.8 303.8 317.6 316.0 301.5 285.9
 -35  -30 264.1 263.5 261.8 259.8 260.2 265.5 272.1 287.0 301.1 301.8 289.6 279.8
 -30  -25 260.2 259.9 258.8 256.0 252.1 250.2 258.0 268.3 283.4 288.5 279.8 272.9
 -25  -20 259.7 259.6 256.9 253.2 247.7 243.8 250.2 256.8 271.0 277.7 269.7 263.3
 -20  -15 257.7 257.4 256.0 252.1 245.9 242.7 248.1 251.3 264.2 270.0 265.2 257.7
 -15  -10 256.7 257.3 257.4 254.9 248.7 246.3 250.9 252.1 262.3 266.3 262.7 254.7
 -10   -5 257.5 259.9 261.2 260.8 255.7 255.3 258.3 258.9 264.8 265.6 259.5 250.5
  -5    0 257.1 260.3 263.4 266.4 262.3 263.9 267.4 266.8 268.8 265.9 255.7 246.6
   0    5 254.3 258.4 263.1 269.5 266.8 268.0 272.8 272.0 271.4 267.0 253.4 245.1
   5   10 246.6 250.9 256.2 265.6 266.8 269.3 275.0 274.9 273.2 267.5 253.2 243.5
  10   15 240.2 244.2 251.5 264.3 267.2 269.5 276.1 274.5 271.2 265.2 253.1 245.2
  15   20 238.4 243.3 253.6 267.0 270.7 270.6 276.9 273.4 269.7 264.6 254.4 248.9
  20   25 243.6 250.6 263.1 277.1 279.3 276.9 279.8 274.6 271.0 267.7 258.4 254.2
  25   30 257.7 266.1 280.7 291.9 291.0 285.8 284.8 278.8 274.5 273.7 266.4 264.4
  30   35 282.8 290.0 302.7 309.7 303.6 297.1 289.9 284.1 279.6 279.2 277.7 283.0
  35   40 317.4 324.5 326.7 332.3 320.5 314.3 299.6 290.3 285.1 285.4 289.6 307.1
  40   45 346.5 351.8 350.3 353.3 337.2 331.3 311.7 298.7 292.2 292.3 300.2 326.3
  45   50 363.0 373.8 374.6 368.9 351.4 344.8 325.9 308.4 300.1 298.0 308.6 338.9
  50   55 369.8 391.7 393.6 377.6 363.3 350.2 333.7 314.7 304.5 300.4 313.6 345.3
  55   60 373.2 401.0 400.9 382.6 372.6 350.0 333.0 313.6 303.6 300.7 314.6 348.2
  60   65 378.8 399.1 394.4 383.9 378.9 344.5 324.0 306.5 296.5 299.7 320.9 352.9
  65   70 386.6 390.4 375.4 376.1 384.2 342.8 316.8 300.4 292.0 298.9 317.8 357.5
  70   75 390.4 376.7 346.5 364.6 386.6 345.6 313.3 296.4 291.6 296.8 307.5   0.0
  75   80   0.0 367.6 317.3 349.5 390.5 345.3 311.7 293.5 290.0 289.1   0.0   0.0
  80   85   0.0 342.2 291.8 333.7 391.6 341.8 308.2 293.4 285.4 281.4   0.0   0.0
  85   90   0.0   0.0 278.2 329.3 391.9 341.9 307.8 294.3 282.8   0.0   0.0   0.0
1998 GOME/SCIA/GOME2 merged V3   Mark.Weber@uni-bremen.de
lat0 lat1   Jan   Feb   Mar   Apr   May   Jun   Jul   Aug   Sep   Oct   Nov   Dec
 -90  -85 266.4 270.7 279.4   0.0   0.0   0.0   0.0   0.0 126.9 129.1 169.2 252.2
 -85  -80 267.8 271.2 277.5   0.0   0.0   0.0   0.0   0.0 129.5 131.9 174.2 254.4
 -80  -75 271.9 273.7 282.3 272.2   0.0   0.0   0.0   0.0 149.3 147.8 192.2 263.1
 -75  -70 276.4 280.1 287.6 284.4   0.0   0.0   0.0 213.0 175.2 179.6 221.9 276.2
 -70  -65 284.9 285.8 287.9 293.6 311.2   0.0   0.0 238.4 210.0 227.0 260.5 283.1
 -65  -60 295.9 290.1 286.9 292.8 301.2 320.1 309.4 281.0 264.7 285.0 300.8 294.6
 -60  -55 301.8 292.1 285.9 289.2 300.6 321.9 324.4 320.0 317.3 330.7 327.4 304.6
 -55  -50 298.4 288.5 281.4 285.2 303.9 326.2 329.2 335.4 341.4 348.7 334.1 304.4
 -50  -45 289.5 280.9 274.4 278.9 301.5 320.5 328.8 337.9 347.7 346.9 328.7 297.0
 -45  -40 281.0 273.9 270.9 273.4 292.8 310.7 323.6 333.6 345.1 338.5 320.4 289.9
 -40  -35 277.0 272.2 269.1 269.6 281.2 299.8 313.7 321.4 334.9 328.4 311.9 285.9
 -35  -30 271.9 267.3 265.4 265.3 269.1 283.6 299.3 304.7 318.0 315.4 301.6 281.7
 -30  -25 263.9 259.3 258.2 258.2 260.7 266.6 282.8 289.0 302.0 301.5 293.1 277.7
 -25  -20 256.6 252.6 251.5 251.8 254.2 256.9 269.7 279.7 290.5 289.8 283.4 272.8
 -20  -15 250.4 248.5 247.8 248.0 250.3 252.3 261.7 270.9 279.4 279.8 275.5 269.6
 -15  -10 247.9 247.6 247.5 248.3 248.9 247.8 256.6 264.4 272.7 273.3 270.5 267.4
 -10   -5 245.6 248.2 248.2 247.8 248.4 247.0 255.7 263.2 272.3 271.3 268.8 266.8
  -5    0 242.0 245.9 246.9 247.7 249.2 248.3 257.7 265.1 273.2 271.1 267.1 265.7
   0    5 240.0 243.7 247.3 251.6 254.3 253.7 263.1 267.9 272.7 268.6 262.9 262.5
   5   10 236.9 241.3 247.4 255.2 261.6 263.1 271.1 273.3 274.4 267.3 257.4 255.9
  10   15 239.0 246.1 253.4 262.9 269.0 271.2 277.3 277.6 276.3 266.9 252.5 248.6
  15   20 246.2 252.9 261.1 272.9 277.9 277.8 281.9 279.7 277.7 266.3 250.3 244.4
  20   25 256.9 262.4 273.1 288.1 292.0 286.0 286.6 283.0 279.2 267.1 252.6 245.0
  25   30 271.9 278.6 293.3 305.2 307.6 294.7 291.3 287.8 280.6 269.3 256.8 251.2
  30   35 295.3 307.2 322.9 324.0 324.1 306.0 296.0 292.5 284.8 273.3 263.5 264.4
  35   40 327.4 341.8 357.3 346.1 342.5 321.7 304.7 297.9 289.9 280.7 276.6 286.1
  40   45 358.2 369.6 382.6 368.1 358.9 339.8 317.4 306.3 296.8 290.5 296.0 311.2
  45   50 379.7 391.5 401.3 388.6 372.2 354.4 332.3 314.9 305.1 299.2 318.0 334.5
  50   55 387.9 406.2 415.4 406.7 385.1 363.4 342.8 320.9 309.9 307.1 333.3 351.9
  55   60 389.7 416.7 424.8 419.7 397.1 366.2 345.3 325.4 312.9 313.4 337.7 364.7
  60   65 397.1 428.3 430.7 429.3 401.5 360.4 338.8 321.8 310.7 317.1 342.6 375.4
  65   70 412.7 432.9 434.8 438.2 401.9 356.2 330.9 314.7 309.1 318.1 343.3 368.2
  70   75 424.2 431.3 434.6 441.4 403.5 357.3 327.9 306.6 308.6 316.9 331.7   0.0
  75   80   0.0 442.2 428.7 442.6 411.0 362.8 331.0 300.4 303.8 311.6   0.0   0.0
  80   85   0.0 453.5 426.9 446.3 416.2 366.8 338.2 298.1 296.9 299.8   0.0   0.0
  85   90   0.0   0.0 428.6 448.5 418.8 368.4 342.2 298.1 294.5   0.0   0.0   0.0
1999 GOME/SCIA/GOME2 merged V3   Mark.Weber@uni-bremen.de
lat0 lat1   Jan   Feb   Mar   Apr   May   Jun   Jul   Aug   Sep   Oct   Nov   Dec
 -90  -85 263.4 260.7 265.1   0.0   0.0   0.0   0.0   0.0 132.0 133.2 173.0 257.6
 -85  -80 266.0 263.0 266.7   0.0   0.0   0.0   0.0   0.0 128.7 136.3 177.7 260.6
 -80  -75 273.7 268.4 270.6 273.9   0.0   0.0   0.0   0.0 150.2 153.1 193.4 269.3
 -75  -70 281.5 275.7 277.3 293.2   0.0   0.0   0.0 220.3 179.3 183.3 221.2 280.9
 -70  -65 289.2 282.9 281.3 300.8 313.0   0.0   0.0 251.5 216.1 229.9 262.2 286.9
 -65  -60 297.3 288.1 283.8 295.3 313.2 320.2 310.0 288.1 273.3 285.7 302.7 295.4
 -60  -55 299.7 290.7 286.0 289.3 304.2 314.9 320.1 318.8 325.9 331.2 327.1 303.6
 -55  -50 292.9 285.0 281.7 282.5 298.5 315.8 320.8 332.7 344.6 346.1 333.1 304.2
 -50  -45 283.3 276.1 273.7 274.7 288.6 309.9 316.9 332.8 342.9 343.4 328.5 297.8
 -45  -40 276.2 270.3 267.6 268.4 277.2 297.2 312.0 328.1 335.8 335.7 320.0 290.9
 -40  -35 272.9 269.1 265.4 265.2 270.4 283.9 302.1 316.4 325.6 326.2 311.5 286.2
 -35  -30 268.5 266.2 262.3 261.9 263.9 271.2 287.2 297.7 310.7 313.0 301.9 281.5
 -30  -25 265.7 263.1 257.8 257.4 257.6 258.9 272.4 279.4 294.6 298.5 291.8 276.6
 -25  -20 265.5 262.6 255.1 252.9 253.5 252.7 262.6 268.1 282.4 287.6 282.1 269.8
 -20  -15 264.9 261.8 254.3 252.0 250.9 250.9 257.2 262.4 273.4 279.9 274.8 265.9
 -15  -10 264.2 262.7 256.4 256.3 253.6 252.2 256.9 260.1 268.3 274.4 270.0 263.5
 -10   -5 265.0 265.4 260.5 260.9 261.5 260.0 263.8 267.3 272.6 271.7 266.2 260.4
  -5    0 264.7 265.9 262.6 265.2 267.7 268.8 272.9 275.5 277.7 271.2 262.8 256.2
   0    5 262.0 263.9 263.6 268.5 271.9 273.5 277.6 279.2 278.6 271.1 261.4 254.8
   5   10 254.2 257.0 257.8 266.3 273.5 275.1 279.2 280.6 279.7 273.1 262.3 255.1
  10   15 246.5 250.0 253.8 266.3 274.8 277.0 280.3 280.2 279.0 272.0 261.8 256.0
  15   20 243.7 247.0 254.1 269.3 277.9 279.6 281.4 280.8 278.8 271.3 261.8 257.7
  20   25 247.3 250.8 259.7 276.3 286.6 284.6 284.9 283.7 280.5 273.1 266.0 260.6
  25   30 256.2 262.0 270.3 286.9 297.6 290.4 290.3 288.2 282.1 275.1 270.4 267.3
  30   35 274.1 284.4 291.4 306.3 310.6 299.9 295.9 292.5 284.8 276.3 277.1 280.7
  35   40 301.8 315.5 322.0 336.5 330.2 313.9 303.9 296.3 288.6 279.2 287.0 300.9
  40   45 329.5 347.9 358.8 364.2 351.7 330.9 312.7 301.3 294.4 287.0 298.2 321.8
  45   50 354.9 378.5 397.0 383.0 368.4 346.5 324.0 308.9 302.1 299.3 308.2 338.2
  50   55 374.4 398.5 424.2 398.2 377.2 356.2 333.3 317.3 307.6 309.7 318.3 350.6
  55   60 389.6 412.5 437.2 410.7 382.3 358.6 336.2 319.9 307.8 316.0 325.3 358.0
  60   65 410.2 429.5 445.1 417.8 385.1 352.2 331.7 313.9 302.9 316.0 330.0 364.3
  65   70 426.3 443.8 455.5 428.0 389.0 347.8 326.6 305.4 297.2 312.9 328.5 363.6
  70   75 432.6 451.4 464.7 436.0 393.7 347.9 323.1 298.6 294.1 306.6 324.6   0.0
  75   80   0.0 456.1 467.5 441.2 397.6 350.9 317.9 293.5 287.3 294.8   0.0   0.0
  80   85   0.0 457.2 464.0 450.1 397.4 357.8 311.4 287.9 276.5 283.6   0.0   0.0
  85   90   0.0   0.0 461.8 455.7 397.7 360.7 309.5 285.0 269.8   0.0   0.0   0.0
2000 GOME/SCIA/GOME2 merged V3   Mark.Weber@uni-bremen.de
lat0 lat1   Jan   Feb   Mar   Apr   May   Jun   Jul   Aug   Sep   Oct   Nov   Dec
 -90  -85 270.4 270.2 249.3   0.0   0.0   0.0   0.0   0.0 125.6 184.1 289.0 302.4
 -85  -80 271.0 270.1 254.0   0.0   0.0   0.0   0.0   0.0 121.9 185.4 291.5 301.4
 -80  -75 273.9 270.8 266.9 283.5   0.0   0.0   0.0   0.0 141.0 209.2 299.3 301.5
 -75  -70 281.6 274.8 278.8 289.5   0.0   0.0   0.0 205.2 169.1 242.3 302.7 304.0
 -70  -65 289.3 281.5 285.0 298.7 318.5   0.0   0.0 231.7 206.5 277.7 307.0 305.0
 -65  -60 294.5 289.0 288.0 298.1 310.2 281.3 292.8 267.5 263.8 310.8 318.6 310.5
 -60  -55 295.6 291.6 288.3 290.6 292.7 296.8 304.6 300.7 319.4 335.9 328.8 315.7
 -55  -50 289.9 285.6 281.1 281.6 286.2 301.4 316.2 321.5 348.9 347.2 333.2 313.8
 -50  -45 282.3 276.7 270.1 272.4 283.3 304.3 319.8 331.5 354.6 346.3 328.9 303.7
 -45  -40 277.1 270.2 263.8 266.9 279.6 301.6 322.9 335.6 347.7 338.9 318.0 290.8
 -40  -35 275.6 268.6 261.7 264.7 275.0 294.2 317.1 329.6 333.2 327.9 306.2 282.4
 -35  -30 272.2 265.4 259.8 265.2 270.1 281.1 303.0 312.5 316.5 314.0 295.5 276.6
 -30  -25 268.6 261.7 257.8 262.9 263.9 268.3 286.7 293.8 299.7 300.1 287.5 271.1
 -25  -20 266.0 260.6 256.7 259.3 260.6 264.4 277.4 281.1 288.2 288.9 280.0 265.7
 -20  -15 264.3 259.5 256.7 257.8 260.3 262.5 271.7 273.3 281.9 281.4 273.4 264.6
 -15  -10 263.4 259.9 257.8 258.8 258.6 257.6 264.7 267.6 273.0 270.6 264.6 260.2
 -10   -5 261.9 260.7 259.1 258.8 258.2 255.2 259.0 263.5 266.2 260.6 255.5 253.0
  -5    0 258.1 259.0 258.4 259.9 259.1 257.8 260.8 263.9 263.9 254.3 247.2 244.4
   0    5 255.8 257.2 259.1 263.7 263.3 262.3 266.4 266.8 263.9 252.5 243.8 240.9
   5   10 255.0 256.8 259.2 266.1 270.5 270.4 273.9 272.8 268.6 257.4 247.3 243.0
  10   15 258.0 261.8 263.8 272.4 276.7 275.4 278.7 277.9 273.1 261.9 251.6 245.6
  15   20 261.0 266.2 269.3 278.7 281.2 278.9 281.5 280.2 275.2 264.2 253.1 247.8
  20   25 264.6 272.3 277.2 288.7 289.5 284.9 287.3 283.9 278.2 267.2 255.6 253.3
  25   30 275.9 281.6 289.7 300.0 299.5 290.5 292.8 288.3 279.9 268.0 256.6 259.2
  30   35 297.2 301.4 312.1 314.3 308.8 295.5 295.9 291.6 282.0 269.0 261.6 270.1
  35   40 325.1 335.0 342.7 335.3 325.4 306.6 301.7 295.6 285.4 273.5 274.4 295.3
  40   45 348.1 364.2 367.2 357.1 345.0 321.1 310.6 300.6 291.5 284.7 293.8 325.8
  45   50 363.7 383.3 383.1 371.4 359.7 336.8 321.7 306.3 297.7 297.2 313.1 349.6
  50   55 370.4 393.0 392.8 380.8 373.9 348.4 329.4 311.1 301.7 305.8 324.8 363.6
  55   60 373.8 398.2 398.0 388.7 379.4 353.1 327.0 313.0 302.3 310.3 327.2 370.9
  60   65 383.2 397.2 398.0 393.5 378.8 349.6 316.8 307.3 298.4 309.5 334.1 376.4
  65   70 396.5 391.0 395.7 398.7 379.4 347.4 311.7 299.3 292.6 306.0 334.9 379.7
  70   75 398.5 379.2 393.0 402.8 381.5 347.2 311.5 292.5 287.6 298.8 327.5   0.0
  75   80   0.0 364.2 385.6 408.4 385.1 348.7 316.0 287.4 279.9 286.9   0.0   0.0
  80   85   0.0 361.1 377.9 410.8 381.6 347.6 318.6 285.3 272.4 280.3   0.0   0.0
  85   90   0.0   0.0 377.6 411.2 379.9 347.3 319.1 285.6 267.9   0.0   0.0   0.0
2001 GOME/SCIA/GOME2 merged V3   Mark.Weber@uni-bremen.de
lat0 lat1   Jan   Feb   Mar   Apr   May   Jun   Jul   Aug   Sep   Oct   Nov   Dec
 -90  -85 279.2 234.6 268.3   0.0   0.0   0.0   0.0   0.0 131.6 143.9 177.1 247.0
 -85  -80 279.9 240.9 262.8   0.0   0.0   0.0   0.0   0.0 128.7 146.3 182.0 250.3
 -80  -75 281.0 256.0 264.1 263.7   0.0   0.0   0.0   0.0 144.9 163.9 198.7 260.4
 -75  -70 284.8 272.4 275.0 279.9   0.0   0.0   0.0 215.9 171.2 194.8 227.4 276.5
 -70  -65 291.7 280.5 282.5 293.8 316.5   0.0   0.0 247.2 203.4 238.8 264.0 285.3
 -65  -60 300.4 286.8 287.9 296.1 305.9 336.0 309.2 282.2 261.2 284.6 300.5 296.4
 -60  -55 306.1 291.0 290.3 292.9 306.3 319.1 320.7 312.4 319.3 326.0 327.1 305.2
 -55  -50 302.6 286.0 285.1 287.1 302.0 322.9 327.4 331.0 343.6 343.2 335.4 305.0
 -50  -45 293.7 275.5 275.6 279.5 294.0 321.5 331.2 335.4 346.0 345.8 332.2 299.8
 -45  -40 284.0 267.4 267.9 271.5 284.4 311.4 327.9 331.4 341.9 340.2 325.2 295.3
 -40  -35 278.0 265.3 265.7 266.2 276.8 299.3 318.1 323.0 333.8 331.7 317.1 293.5
 -35  -30 272.6 260.8 262.8 264.2 269.7 283.9 299.5 308.0 321.1 320.1 307.2 289.0
 -30  -25 267.2 255.1 258.7 262.5 264.7 268.0 282.0 291.4 303.3 306.5 297.6 282.9
 -25  -20 262.9 252.7 257.1 259.9 260.9 261.1 268.9 277.5 287.4 292.9 286.6 276.8
 -20  -15 261.8 249.5 255.4 257.0 255.7 256.0 257.9 265.9 275.6 279.8 277.1 272.9
 -15  -10 259.5 248.4 253.1 254.8 251.5 250.7 252.2 258.1 269.4 272.0 273.2 270.2
 -10   -5 254.4 245.2 250.7 251.2 248.3 248.6 251.2 257.4 269.2 270.8 271.2 269.3
  -5    0 246.1 240.0 246.9 248.5 247.1 250.4 255.0 262.3 272.1 271.4 269.7 267.7
   0    5 242.0 238.1 248.1 253.4 253.0 257.2 261.4 266.3 271.9 269.6 266.0 264.0
   5   10 243.1 240.0 252.3 261.1 263.5 267.3 270.4 272.2 273.9 268.5 261.4 256.3
  10   15 246.8 246.2 260.0 271.2 273.6 276.3 277.8 277.3 275.7 267.3 256.9 248.1
  15   20 252.0 252.0 267.5 280.5 282.4 282.9 283.0 280.8 276.6 266.4 254.4 243.5
  20   25 259.3 260.0 277.4 290.8 293.2 289.6 288.2 284.5 277.6 267.3 255.1 244.9
  25   30 268.3 271.9 289.9 304.8 305.1 296.0 293.3 289.3 278.8 269.2 258.3 252.1
  30   35 285.8 294.8 309.8 320.2 317.8 303.2 296.1 292.7 281.6 273.0 268.4 268.3
  35   40 314.0 327.7 338.8 339.4 335.4 316.9 304.2 296.8 286.7 280.8 283.0 295.1
  40   45 344.5 358.5 367.5 362.4 354.6 334.5 315.3 303.3 293.2 289.3 295.0 319.0
  45   50 365.4 384.3 391.8 384.3 368.8 350.4 327.6 310.8 300.7 298.3 303.5 333.1
  50   55 376.3 401.8 410.8 398.8 376.4 358.8 334.9 316.4 307.1 308.2 310.2 341.6
  55   60 385.4 412.9 423.0 407.9 380.4 359.0 335.9 317.2 308.1 314.0 315.1 345.5
  60   65 396.0 426.6 431.5 415.3 384.1 351.6 328.2 310.4 304.0 312.4 323.4 350.9
  65   70 388.9 445.8 439.3 424.2 390.6 347.4 320.5 303.1 301.0 306.3 325.7 347.3
  70   75   0.0 459.4 450.1 433.3 396.8 348.2 316.9 296.9 297.0 299.3 313.8   0.0
  75   80   0.0 463.2 460.7 437.3 404.3 353.9 317.5 294.9 289.9 287.3   0.0   0.0
  80   85   0.0 472.9 466.5 435.8 405.5 360.8 317.2 295.4 281.9 274.0   0.0   0.0
  85   90   0.0   0.0 467.9 433.3 406.1 364.6 316.5 296.0 279.6   0.0   0.0   0.0
2002 GOME/SCIA/GOME2 merged V3   Mark.Weber@uni-bremen.de
lat0 lat1   Jan   Feb   Mar   Apr   May   Jun   Jul   Aug   Sep   Oct   Nov   Dec
 -90  -85 271.4 266.2 258.1   0.0   0.0   0.0   0.0   0.0 366.5 223.8 345.0 307.5
 -85  -80 272.5 266.3 263.0   0.0   0.0   0.0   0.0   0.0 349.0 235.9 343.6 306.8
 -80  -75 276.2 268.8 263.5 262.9   0.0   0.0   0.0   0.0 278.3 260.0 340.2 306.7
 -75  -70 282.1 275.8 271.7 279.7   0.0   0.0   0.0 253.6 271.2 290.5 333.8 309.0
 -70  -65 288.2 281.8 280.6 295.5 309.0   0.0   0.0 298.8 302.1 324.0 331.2 312.9
 -65  -60 293.7 285.4 285.9 296.8 305.5 325.7 327.0 323.7 327.5 347.0 333.9 318.4
 -60  -55 295.3 286.1 288.5 291.2 306.2 315.1 332.7 339.8 346.3 363.0 338.2 321.3
 -55  -50 291.1 283.9 284.5 284.3 305.4 316.9 337.9 349.7 354.6 366.1 337.6 317.8
 -50  -45 285.9 280.1 277.3 277.0 298.9 314.8 335.6 348.2 353.7 357.7 329.8 309.7
 -45  -40 280.8 276.1 271.8 273.0 289.0 307.1 325.6 337.2 341.3 343.2 318.5 299.8
 -40  -35 278.7 274.9 268.6 270.8 277.8 293.7 308.0 319.6 326.1 325.3 306.8 293.8
 -35  -30 275.0 270.0 263.9 265.0 265.6 274.8 285.2 296.5 309.0 306.9 296.5 286.0
 -30  -25 270.2 265.0 259.9 259.0 254.2 259.0 267.5 278.1 291.2 291.3 288.8 277.5
 -25  -20 267.6 263.7 258.6 254.4 248.2 253.3 259.4 266.9 277.5 279.8 278.6 269.1
 -20  -15 266.2 263.4 257.4 253.1 247.4 251.3 255.3 260.0 268.6 269.9 268.8 263.4
 -15  -10 265.4 264.1 259.0 256.5 250.3 249.2 251.1 255.5 260.2 262.7 263.6 258.8
 -10   -5 266.5 267.2 262.5 260.8 256.5 254.3 253.6 258.3 262.3 261.5 260.2 254.5
  -5    0 265.5 267.6 265.2 264.5 262.1 261.3 261.4 265.0 267.0 261.4 256.6 250.3
   0    5 261.8 264.8 265.8 267.5 266.2 266.9 267.6 269.7 268.6 261.1 255.5 248.9
   5   10 253.1 257.4 258.8 264.2 267.8 270.9 271.7 273.2 270.3 263.6 257.7 248.8
  10   15 245.3 251.1 254.1 261.9 268.9 273.3 272.7 273.2 269.5 262.9 257.9 249.0
  15   20 241.8 248.5 253.8 265.7 273.3 276.1 274.2 273.6 269.1 262.6 257.7 249.0
  20   25 244.5 251.0 260.6 276.0 281.6 283.0 280.0 277.3 271.0 265.5 259.3 252.4
  25   30 254.6 260.9 275.5 291.3 293.7 291.4 286.0 282.8 274.4 269.4 263.7 263.5
  30   35 273.1 277.9 296.0 308.9 308.0 299.0 290.3 287.9 280.6 273.7 273.9 284.0
  35   40 301.3 304.4 322.7 329.3 329.0 315.3 301.6 294.3 287.4 280.4 290.8 313.0
  40   45 328.5 332.8 350.4 349.9 350.1 334.1 312.9 302.4 293.5 290.5 308.3 338.4
  45   50 348.8 357.5 375.0 371.0 365.2 347.8 322.0 311.1 299.8 302.5 323.1 354.8
  50   55 363.4 379.4 396.4 388.8 374.8 354.1 328.2 316.7 303.8 310.4 328.2 359.7
  55   60 377.1 395.8 408.3 397.8 376.9 353.6 330.1 315.7 302.6 309.1 325.0 356.6
  60   65 396.0 411.7 414.6 403.8 376.5 346.8 324.2 307.0 296.7 301.8 320.8 354.0
  65   70 407.5 430.3 419.7 412.2 376.6 341.0 318.3 299.3 290.1 292.5 306.9 343.7
  70   75 397.6 442.6 426.7 421.0 381.7 342.6 316.5 291.9 284.9 279.1 289.7   0.0
  75   80   0.0 445.6 436.8 426.1 390.4 348.6 318.2 285.7 277.9 259.8   0.0   0.0
  80   85   0.0 427.9 437.1 432.0 391.3 355.8 321.0 283.0 272.8 250.5   0.0   0.0
  85   90   0.0   0.0 436.9 434.6 390.8 359.3 322.6 281.7 269.0   0.0   0.0   0.0
2003 GOME/SCIA/GOME2 merged V3   Mark.Weber@uni-bremen.de
lat0 lat1   Jan   Feb   Mar   Apr   May   Jun   Jul   Aug   Sep   Oct   Nov   Dec
 -90  -85 275.1 249.7 239.9   0.0   0.0   0.0   0.0   0.0 134.1 157.7 235.9 294.3
 -85  -80 275.8 251.7 253.2   0.0   0.0   0.0   0.0   0.0 132.1 163.5 241.5 293.7
 -80  -75 277.3 260.6 266.3 262.4   0.0   0.0   0.0   0.0 149.2 186.6 256.4 295.6
 -75  -70 282.5 276.0 278.4 278.4   0.0   0.0   0.0 196.1 169.7 217.7 274.9 302.4
 -70  -65 291.9 289.9 284.5 291.5 317.5   0.0   0.0 225.1 206.3 264.2 300.1 305.6
 -65  -60 302.2 298.8 288.4 293.6 309.1   0.0 280.9 270.4 260.2 307.1 324.8 315.1
 -60  -55 310.2 301.4 290.6 291.4 301.1 293.5 298.1 303.5 315.7 338.8 337.7 321.9
 -55  -50 308.5 295.4 286.4 289.1 299.3 303.5 313.8 324.1 347.6 355.5 338.6 319.9
 -50  -45 299.2 286.2 277.1 284.2 291.6 307.4 321.7 334.1 353.2 353.6 330.9 311.4
 -45  -40 288.3 279.1 271.0 276.4 281.5 303.8 321.5 336.2 348.2 343.5 321.2 301.2
 -40  -35 280.6 276.0 269.2 268.0 273.7 296.6 312.8 325.7 337.0 331.2 311.4 292.9
 -35  -30 273.1 270.4 265.6 262.9 267.7 281.8 296.4 308.4 318.5 316.9 302.5 285.7
 -30  -25 266.5 263.8 259.9 259.6 264.3 273.4 280.9 289.6 301.4 299.7 292.6 280.3
 -25  -20 261.1 258.7 255.1 255.9 260.3 267.4 272.7 276.4 285.5 285.7 280.1 274.8
 -20  -15 256.5 254.8 252.0 252.9 255.8 261.2 264.9 266.2 274.5 271.3 268.1 269.6
 -15  -10 254.0 252.9 251.3 251.5 252.6 256.6 257.7 259.1 266.5 263.7 260.9 265.0
 -10   -5 251.8 251.8 250.5 250.0 249.8 253.2 254.0 256.5 264.0 259.8 256.4 261.1
  -5    0 247.8 248.1 248.2 249.2 249.5 253.4 254.4 258.2 264.7 257.9 253.6 258.7
   0    5 246.0 245.9 249.0 252.8 254.9 258.8 259.4 261.8 265.9 256.8 250.4 255.2
   5   10 244.1 243.7 250.0 257.7 264.2 267.4 268.4 269.3 270.3 258.6 248.6 250.4
  10   15 244.3 247.6 256.2 266.0 273.0 276.1 276.9 275.8 273.9 261.2 247.5 247.1
  15   20 247.2 254.5 265.5 276.7 281.8 284.0 282.7 279.1 276.0 263.4 249.4 247.8
  20   25 256.0 264.9 275.8 289.4 292.8 291.8 287.2 282.9 277.5 266.2 253.4 251.9
  25   30 270.1 283.5 291.1 304.0 303.7 296.5 290.3 286.0 279.1 269.1 258.0 258.1
  30   35 295.0 312.6 317.8 319.8 315.3 305.2 294.9 289.7 283.5 272.8 265.6 275.9
  35   40 331.4 351.9 352.3 340.5 333.3 318.2 303.8 296.7 289.8 280.3 281.7 297.0
  40   45 361.8 383.1 380.8 363.8 350.4 335.3 317.3 306.0 297.9 291.2 300.3 319.5
  45   50 379.4 400.1 401.3 385.2 367.4 349.2 332.0 317.8 307.2 300.3 314.9 335.7
  50   55 385.5 407.6 414.4 402.9 381.3 360.4 341.4 322.9 310.0 304.8 329.0 344.4
  55   60 387.5 409.1 418.5 414.6 390.1 365.3 340.4 321.4 306.5 307.4 335.3 352.2
  60   65 395.2 408.9 417.8 421.0 392.7 360.0 331.3 312.7 303.8 309.1 339.2 359.7
  65   70 411.4 409.1 416.4 424.9 397.5 358.7 327.4 305.5 303.8 311.4 331.3 362.4
  70   75 421.3 412.4 417.6 426.3 398.9 357.0 325.7 298.5 301.6 313.1 332.5   0.0
  75   80   0.0 408.0 422.7 423.4 400.4 359.3 327.1 296.1 294.7 308.0   0.0   0.0
  80   85   0.0 448.1 426.2 421.7 400.8 364.0 323.6 298.3 293.7 310.8   0.0   0.0
  85   90   0.0   0.0 419.1 419.4 402.0 364.9 319.9 299.7 296.3   0.0   0.0   0.0
2004 GOME/SCIA/GOME2 merged V3   Mark.Weber@uni-bremen.de
lat0 lat1   Jan   Feb   Mar   Apr   May   Jun   Jul   Aug   Sep   Oct   Nov   Dec
 -90  -85 270.9 263.4 255.0   0.0   0.0   0.0   0.0   0.0 152.4 199.0 240.6 303.4
 -85  -80 272.5 265.3 262.5   0.0   0.0   0.0   0.0   0.0 162.2 207.2 243.5 304.3
 -80  -75 277.0 271.6 274.7 274.2   0.0   0.0   0.0   0.0 187.7 229.4 255.2 303.5
 -75  -70 282.6 277.8 284.8 279.0   0.0   0.0   0.0 246.7 214.2 251.2 273.5 303.5
 -70  -65 291.2 284.5 292.4 299.7 326.6   0.0   0.0 273.8 251.6 282.3 288.2 300.6
 -65  -60 301.0 292.5 295.8 309.2 306.9   0.0 312.7 308.9 301.0 313.1 313.1 307.4
 -60  -55 303.0 297.1 294.8 304.3 305.6 301.2 310.5 328.6 333.4 338.6 327.0 311.9
 -55  -50 296.2 293.2 286.2 295.5 299.9 305.7 314.7 330.9 341.1 347.2 329.6 310.4
 -50  -45 287.4 284.5 275.7 280.7 290.8 303.1 312.3 329.9 337.7 340.6 323.7 301.3
 -45  -40 279.9 275.3 269.3 268.3 278.5 294.0 304.4 322.8 330.0 328.6 313.1 291.7
 -40  -35 275.7 270.8 266.4 259.3 268.0 279.2 291.9 307.8 320.3 315.8 303.9 285.0
 -35  -30 269.1 265.2 261.7 257.4 259.8 265.1 275.6 290.1 302.9 301.5 295.2 280.1
 -30  -25 262.1 260.3 257.3 254.5 252.2 253.9 261.3 271.9 284.9 287.5 284.9 274.9
 -25  -20 259.8 257.8 254.7 250.6 248.1 249.1 252.9 258.2 271.8 275.5 274.6 269.1
 -20  -15 258.1 257.2 254.0 249.6 247.3 248.0 250.6 253.5 264.9 267.5 267.1 264.5
 -15  -10 254.1 256.7 254.9 253.6 250.5 249.8 253.4 256.9 263.8 263.0 264.5 262.6
 -10   -5 252.8 257.6 258.3 259.1 257.8 257.6 262.1 264.7 269.9 264.3 261.1 258.0
  -5    0 251.4 257.7 260.4 263.6 264.1 266.8 271.8 272.7 274.6 265.4 258.6 253.6
   0    5 248.2 254.7 260.1 265.0 267.9 271.9 277.5 277.8 276.6 265.5 257.9 251.8
   5   10 242.7 247.9 253.9 262.4 269.8 275.7 280.9 281.7 277.8 267.5 258.9 252.4
  10   15 237.9 244.0 251.9 263.1 272.1 279.8 282.7 281.9 277.1 267.0 259.3 253.6
  15   20 237.9 242.9 254.2 265.5 275.6 282.0 283.2 280.6 276.4 266.5 260.8 256.6
  20   25 246.3 247.6 261.8 275.5 284.5 288.8 287.7 281.6 277.0 268.6 263.7 261.7
  25   30 258.6 258.8 275.3 291.1 297.1 295.7 291.9 284.6 279.1 272.1 267.8 270.0
  30   35 277.0 286.6 296.2 309.6 312.8 303.3 297.8 291.1 283.2 277.1 273.3 284.8
  35   40 307.3 325.5 326.4 333.0 330.5 315.8 304.7 298.5 288.4 281.5 281.4 301.2
  40   45 339.1 360.9 355.9 356.5 349.6 333.2 314.8 308.7 296.4 284.8 294.1 318.2
  45   50 362.7 384.2 385.2 379.8 363.6 348.6 326.2 318.1 302.7 292.8 305.9 332.9
  50   55 374.5 398.9 405.7 399.8 376.3 356.0 334.0 323.0 308.2 302.2 316.7 344.5
  55   60 384.1 408.9 421.4 413.1 382.7 357.6 336.4 320.2 311.6 308.7 325.6 354.8
  60   65 398.8 419.0 434.2 420.5 382.8 347.3 329.7 314.2 306.3 311.8 334.9 361.7
  65   70 415.5 433.6 440.3 423.1 384.1 349.8 324.5 305.6 299.7 310.6 340.4 333.7
  70   75 433.5 439.3 440.8 422.1 393.9 349.3 321.2 296.8 289.3 301.1 336.6   0.0
  75   80   0.0 435.5 431.4 416.2 401.3 351.3 319.9 293.9 276.3 279.9   0.0   0.0
  80   85   0.0 443.3 422.1 409.7 397.2 348.8 319.0 295.8 272.2 269.7   0.0   0.0
  85   90   0.0   0.0 408.9 408.1 392.3 346.7 319.3 296.8 270.3   0.0   0.0   0.0
2005 GOME/SCIA/GOME2 merged V3   Mark.Weber@uni-bremen.de
lat0 lat1   Jan   Feb   Mar   Apr   May   Jun   Jul   Aug   Sep   Oct   Nov   Dec
 -90  -85 268.7 247.9 237.0   0.0   0.0   0.0   0.0   0.0 123.6 157.1 266.9 271.2
 -85  -80 271.4 259.3 253.0   0.0   0.0   0.0   0.0   0.0 132.4 166.7 273.3 277.0
 -80  -75 275.7 274.2 271.7 253.4   0.0   0.0   0.0   0.0 156.3 193.7 285.6 285.0
 -75  -70 282.0 283.8 283.6 277.2   0.0   0.0   0.0 200.5 191.1 225.3 294.9 295.0
 -70  -65 291.6 292.0 288.5 293.6 297.6   0.0   0.0 227.8 234.1 265.6 301.5 295.6
 -65  -60 300.9 295.8 289.3 295.2 296.3   0.0 283.9 280.5 279.0 304.3 318.4 304.8
 -60  -55 307.2 294.0 286.5 292.6 296.6 295.4 303.5 326.2 327.5 337.7 333.1 315.4
 -55  -50 302.5 285.2 280.1 287.8 297.8 311.0 326.8 349.5 353.7 354.6 337.8 317.6
 -50  -45 292.8 276.1 273.4 279.5 295.6 316.4 335.9 354.2 356.7 356.6 332.1 311.3
 -45  -40 282.1 270.3 269.8 272.4 287.3 313.9 331.7 347.0 350.0 347.3 320.2 301.5
 -40  -35 274.9 269.2 268.0 267.8 279.9 302.0 318.1 330.3 335.9 332.7 308.1 291.9
 -35  -30 269.2 266.1 263.8 263.1 269.4 285.8 293.6 307.3 319.8 316.1 298.1 283.4
 -30  -25 263.3 261.4 258.1 258.4 262.0 271.2 277.1 287.1 300.4 300.9 289.5 276.1
 -25  -20 260.7 257.8 254.0 254.3 259.3 261.0 267.1 271.5 285.2 287.9 281.4 270.1
 -20  -15 257.9 255.0 251.1 251.6 253.4 255.7 261.0 263.6 274.0 275.9 271.0 265.2
 -15  -10 256.9 254.7 251.4 251.2 249.9 250.1 255.2 259.8 264.7 267.4 262.0 260.1
 -10   -5 255.1 254.0 252.2 250.2 248.9 249.0 252.8 256.2 260.4 261.7 255.8 256.0
  -5    0 252.0 251.2 251.6 250.2 249.4 250.4 254.1 257.0 259.0 257.2 251.1 252.4
   0    5 249.9 249.9 252.4 253.4 253.6 254.9 258.7 260.6 260.4 254.9 247.8 248.9
   5   10 249.5 250.7 253.5 257.0 260.3 262.0 266.2 267.6 266.5 257.7 247.9 245.5
  10   15 252.9 255.8 259.1 263.5 269.0 268.9 271.8 272.0 270.6 261.2 248.6 242.2
  15   20 257.7 261.5 266.3 272.8 278.5 275.5 276.3 274.0 271.7 263.5 250.0 242.4
  20   25 265.3 267.4 274.5 285.1 290.5 283.3 282.0 277.8 273.6 264.8 254.0 248.9
  25   30 280.3 284.6 289.2 299.4 302.7 292.2 286.8 282.6 275.9 266.0 258.3 257.2
  30   35 301.8 311.8 316.4 319.7 316.4 303.2 292.4 288.2 279.6 268.6 263.3 273.6
  35   40 330.1 339.8 347.3 343.5 336.2 317.7 299.7 294.0 285.0 274.1 278.6 299.6
  40   45 348.0 363.6 376.1 363.7 355.6 332.1 310.4 301.1 293.2 282.2 294.8 324.9
  45   50 359.0 380.5 390.9 378.0 367.2 344.6 323.2 309.5 301.3 293.4 308.5 337.8
  50   55 361.7 387.8 396.2 387.7 372.6 352.5 332.7 315.2 304.8 303.6 318.7 342.9
  55   60 366.7 386.9 400.0 397.7 376.6 357.1 335.7 317.6 303.9 308.3 324.7 342.5
  60   65 376.6 385.9 403.3 408.6 377.6 350.8 327.1 312.7 299.0 309.1 331.7 345.4
  65   70 366.3 387.1 410.2 418.2 379.8 351.0 322.2 304.2 295.3 308.2 340.1 344.1
  70   75   0.0 383.0 419.6 428.8 385.8 348.4 316.5 293.0 289.1 302.8 339.4   0.0
  75   80   0.0 404.7 426.2 437.7 388.4 347.2 312.8 284.3 277.6 279.9   0.0   0.0
  80   85   0.0   0.0 449.8 450.4 389.3 346.1 310.4 278.9 271.8 261.8   0.0   0.0
  85   90   0.0   0.0 466.0 458.8 389.6 347.3 309.3 276.0 271.6   0.0   0.0   0.0
2006 GOME/SCIA/GOME2 merged V3   Mark.Weber@uni-bremen.de
lat0 lat1   Jan   Feb   Mar   Apr   May   Jun   Jul   Aug   Sep   Oct   Nov   Dec
 -90  -85 273.6 270.9 258.2   0.0   0.0   0.0   0.0   0.0 115.4 132.7 166.7 276.9
 -85  -80 274.2 273.7 273.9   0.0   0.0   0.0   0.0   0.0 126.7 140.0 173.6 278.2
 -80  -75 276.9 277.3 286.4 282.8   0.0   0.0   0.0   0.0 145.2 159.7 191.9 281.7
 -75  -70 281.5 278.3 294.1 291.8   0.0   0.0   0.0 199.3 167.1 188.5 222.2 289.1
 -70  -65 289.4 283.7 296.0 296.7 311.4   0.0   0.0 232.3 199.1 231.1 252.1 284.8
 -65  -60 300.0 291.5 293.5 296.9 300.9   0.0 271.3 272.3 249.1 274.4 287.9 291.5
 -60  -55 307.2 295.7 288.7 292.7 292.1 286.5 282.1 301.9 300.2 312.1 313.0 298.7
 -55  -50 304.5 292.4 282.1 286.7 289.0 293.7 297.0 319.3 330.0 334.1 323.5 298.2
 -50  -45 292.0 282.5 274.1 278.3 282.9 294.2 302.8 320.6 328.8 333.2 319.7 292.9
 -45  -40 281.1 273.4 267.8 267.7 274.0 288.4 299.0 314.2 323.9 325.0 310.9 285.7
 -40  -35 271.7 267.9 264.0 263.6 268.5 278.7 287.2 303.0 313.1 312.8 301.6 278.9
 -35  -30 266.4 261.7 260.6 259.5 262.4 265.6 272.2 285.0 298.3 297.9 291.4 274.6
 -30  -25 261.5 257.4 255.8 254.6 254.2 254.6 257.9 269.4 281.3 284.8 280.4 269.7
 -25  -20 259.9 255.4 252.7 249.8 247.9 248.9 251.6 259.4 269.8 272.8 271.0 262.6
 -20  -15 258.3 253.1 251.5 247.6 245.1 246.6 249.1 253.1 262.2 264.6 264.1 255.9
 -15  -10 255.1 252.2 253.4 250.7 248.1 248.6 250.7 252.8 260.0 261.1 261.7 253.4
 -10   -5 252.2 251.7 256.0 256.2 256.3 258.2 259.4 261.2 265.6 261.6 259.6 251.2
  -5    0 249.5 250.7 257.8 262.1 264.6 268.0 269.9 272.8 272.9 263.7 258.3 248.0
   0    5 246.7 248.9 258.3 265.7 268.1 271.8 274.9 277.6 276.4 266.0 257.5 246.4
   5   10 242.3 244.4 254.9 264.4 269.2 273.1 277.4 279.3 278.2 268.7 258.1 247.3
  10   15 239.0 241.2 253.3 265.7 272.0 275.9 279.3 279.4 276.2 267.4 258.3 248.2
  15   20 239.6 242.8 257.8 270.8 277.4 280.5 282.5 279.3 275.7 267.0 259.1 250.6
  20   25 245.5 249.3 266.8 281.5 288.3 286.9 287.2 282.0 277.5 269.1 262.6 256.1
  25   30 257.8 260.8 279.6 295.3 300.0 296.5 291.1 285.8 280.5 272.8 269.7 264.6
  30   35 279.4 278.9 300.8 315.7 313.0 306.3 296.6 292.3 286.1 278.3 282.1 280.1
  35   40 307.9 311.4 334.2 336.5 327.2 319.8 303.8 297.1 291.5 285.4 294.6 302.2
  40   45 335.8 347.2 366.3 356.5 346.8 335.4 313.3 303.7 298.7 291.6 303.4 322.1
  45   50 356.2 384.6 385.5 376.2 366.8 347.5 327.7 313.6 306.9 299.8 310.9 339.5
  50   55 371.2 404.6 398.3 393.2 382.0 353.1 338.0 323.1 308.0 306.9 318.1 351.3
  55   60 379.3 418.1 411.5 406.3 390.6 355.5 339.5 325.1 308.6 312.7 321.6 355.2
  60   65 393.8 432.2 423.8 419.7 393.2 350.7 332.2 318.4 305.1 315.9 326.0 355.9
  65   70 431.6 447.4 433.3 430.2 395.7 355.7 327.0 307.5 300.3 315.7 332.3 334.8
  70   75   0.0 452.1 444.2 435.3 400.9 360.7 322.5 296.6 294.7 311.3 351.0   0.0
  75   80   0.0 460.5 449.5 432.8 401.7 364.3 319.3 291.7 285.0 290.6   0.0   0.0
  80   85   0.0   0.0 448.2 430.4 400.1 364.9 317.1 294.2 284.3 283.9   0.0   0.0
  85   90   0.0   0.0 438.1 427.8 398.5 366.0 315.6 297.6 283.7   0.0   0.0   0.0
2007 GOME/SCIA/GOME2 merged V3   Mark.Weber@uni-bremen.de
lat0 lat1   Jan   Feb   Mar   Apr   May   Jun   Jul   Aug   Sep   Oct   Nov   Dec
 -90  -85 268.5 271.1 256.5   0.0   0.0   0.0   0.0   0.0 133.4 167.5 191.7 250.9
 -85  -80 270.3 272.7 259.6   0.0   0.0   0.0   0.0   0.0 149.6 177.8 200.7 257.4
 -80  -75 272.1 276.0 265.5 251.2   0.0   0.0   0.0   0.0 175.6 207.7 217.9 271.4
 -75  -70 276.8 277.8 272.4 264.4   0.0   0.0   0.0 208.9 198.8 241.0 246.1 287.9
 -70  -65 282.9 282.0 279.3 280.9 271.8   0.0   0.0 243.4 243.2 281.1 278.7 298.4
 -65  -60 292.0 285.9 284.9 286.3 288.5   0.0 289.8 294.4 295.6 317.0 318.6 310.5
 -60  -55 296.1 285.8 285.8 284.7 295.6 280.8 310.1 336.7 338.7 347.3 346.5 316.3
 -55  -50 291.8 280.1 279.6 283.3 299.0 299.3 333.2 352.7 360.6 360.9 348.9 311.2
 -50  -45 282.2 273.4 271.7 277.8 293.8 309.2 341.8 350.4 357.1 357.5 340.3 299.9
 -45  -40 272.4 267.2 265.3 272.7 282.1 309.7 334.9 343.8 347.7 347.1 325.6 291.3
 -40  -35 268.2 265.2 264.2 268.4 275.3 303.2 319.9 327.6 334.7 334.6 315.5 287.7
 -35  -30 265.3 261.4 261.2 263.6 266.3 289.1 301.4 309.5 316.6 319.3 307.1 283.7
 -30  -25 259.8 256.2 256.4 258.0 261.0 273.8 280.1 292.1 298.3 302.4 296.4 276.6
 -25  -20 255.3 252.2 253.5 255.1 259.9 264.5 269.2 278.1 284.0 287.8 283.9 271.0
 -20  -15 251.1 249.1 252.0 252.6 256.5 256.8 258.9 265.3 270.4 275.5 274.6 266.7
 -15  -10 249.2 248.9 251.7 252.4 251.9 250.6 251.4 258.3 264.3 266.2 267.4 263.4
 -10   -5 247.7 249.1 252.0 252.4 251.0 248.8 249.7 255.9 260.3 260.8 261.5 260.1
  -5    0 243.6 246.0 250.4 253.0 251.5 249.8 251.4 256.8 258.9 256.9 256.6 256.1
   0    5 242.0 244.5 250.1 255.9 255.5 254.4 256.1 260.1 260.4 255.4 253.2 251.8
   5   10 241.9 243.6 250.4 259.8 263.1 262.4 263.6 266.8 266.0 258.8 253.1 247.1
  10   15 244.9 246.7 255.6 266.3 269.8 269.9 269.8 272.5 271.0 263.0 254.4 242.8
  15   20 250.0 252.8 263.4 273.8 275.5 276.3 275.2 276.0 274.1 264.5 255.7 242.4
  20   25 256.3 263.2 275.7 285.8 287.7 284.0 280.7 280.3 277.2 266.0 257.0 249.3
  25   30 266.0 277.5 290.7 301.7 302.6 292.0 285.6 284.2 280.1 267.4 259.3 258.2
  30   35 287.4 299.9 313.0 321.0 317.1 303.4 291.7 288.4 283.0 269.1 263.9 272.8
  35   40 316.2 331.3 344.1 344.7 329.0 316.9 300.2 293.2 286.6 274.7 275.0 295.4
  40   45 346.4 363.2 375.4 369.5 343.2 332.3 311.9 300.9 290.4 284.9 290.8 320.7
  45   50 366.4 387.2 395.9 384.4 355.5 343.4 324.7 310.1 297.3 293.8 306.6 342.2
  50   55 380.1 403.9 407.5 391.5 368.2 352.1 335.6 317.4 303.2 303.2 318.1 350.5
  55   60 393.6 412.0 417.3 393.8 378.9 354.3 336.1 317.9 308.5 307.2 324.7 353.3
  60   65 402.1 413.0 419.5 394.4 385.2 350.4 327.9 313.2 309.7 309.0 333.1 354.8
  65   70 396.0 413.5 419.1 397.7 388.6 349.9 321.6 306.7 307.7 310.8 339.7 387.1
  70   75   0.0 420.1 413.0 403.5 393.0 345.0 316.7 299.0 299.7 310.1 345.2   0.0
  75   80   0.0 453.8 396.3 406.6 392.7 345.0 313.4 292.4 281.5 296.5   0.0   0.0
  80   85   0.0   0.0 385.3 409.2 391.2 346.7 312.4 287.2 273.6 288.0   0.0   0.0
  85   90   0.0   0.0 377.7 407.9 391.4 346.1 312.3 284.8 269.3   0.0   0.0   0.0
2008 GOME/SCIA/GOME2 merged V3   Mark.Weber@uni-bremen.de
lat0 lat1   Jan   Feb   Mar   Apr   May   Jun   Jul   Aug   Sep   Oct   Nov   Dec
 -90  -85 289.0 277.7 261.3   0.0   0.0   0.0   0.0   0.0 123.8 147.2 179.8 253.4
 -85  -80 288.6 279.9 276.0   0.0   0.0   0.0   0.0   0.0 136.6 153.2 185.3 255.6
 -80  -75 287.6 284.8 282.6 262.2   0.0   0.0   0.0   0.0 155.5 171.9 198.3 263.9
 -75  -70 289.7 286.6 286.4 274.7   0.0   0.0   0.0 204.9 176.2 198.1 224.6 276.0
 -70  -65 293.9 290.1 289.6 290.2 293.4   0.0   0.0 234.2 209.7 246.8 262.3 284.1
 -65  -60 300.7 292.3 288.4 293.7 297.3   0.0 276.0 272.9 260.6 291.6 302.8 297.9
 -60  -55 302.2 290.3 285.4 292.4 298.9 285.5 289.0 296.2 307.9 326.0 327.1 305.1
 -55  -50 296.0 282.0 277.7 290.4 299.3 296.9 303.6 312.2 329.7 341.9 329.8 304.3
 -50  -45 284.7 274.3 269.2 282.8 295.2 300.8 311.1 320.5 333.5 341.2 324.2 296.7
 -45  -40 275.4 269.0 263.7 273.9 286.1 296.4 305.9 321.9 330.8 331.5 314.9 288.6
 -40  -35 271.1 267.4 265.4 265.9 275.0 287.2 296.5 314.9 321.2 319.6 306.2 282.7
 -35  -30 268.1 263.9 263.9 260.5 263.2 273.0 277.9 296.8 306.6 304.0 296.4 280.0
 -30  -25 264.2 259.0 259.7 259.1 255.8 259.0 264.9 279.4 290.0 287.6 284.6 273.3
 -25  -20 262.4 257.2 256.8 256.7 250.7 249.5 255.6 265.7 277.6 276.7 274.2 265.9
 -20  -15 260.7 256.6 255.7 255.2 249.5 249.1 254.0 258.6 269.1 271.1 267.1 262.4
 -15  -10 259.5 257.3 257.2 256.5 253.7 252.0 255.4 257.6 264.4 267.6 264.0 261.4
 -10   -5 257.7 258.7 260.0 261.0 262.3 262.2 263.5 265.7 268.4 266.9 260.9 259.4
  -5    0 255.4 258.7 262.7 266.4 270.0 271.9 273.6 276.0 275.0 268.1 259.3 256.7
   0    5 252.1 257.1 264.3 270.0 272.9 274.7 277.3 279.6 277.2 267.9 258.1 254.8
   5   10 247.2 252.1 259.8 267.8 272.1 275.4 278.8 280.2 278.2 268.6 258.5 252.7
  10   15 242.6 247.7 255.4 265.5 272.0 276.6 279.9 280.1 276.7 266.9 256.4 251.9
  15   20 242.3 246.6 255.4 266.3 272.7 278.0 279.8 279.6 275.6 266.2 255.4 254.5
  20   25 252.3 255.5 263.4 273.6 278.3 283.2 283.0 281.2 276.7 268.5 257.6 258.6
  25   30 266.8 269.6 277.9 287.9 288.5 289.7 287.0 284.2 279.0 272.2 264.2 265.6
  30   35 285.3 290.2 298.2 305.5 302.4 298.4 292.2 289.2 282.8 276.5 271.9 280.8
  35   40 310.1 320.9 323.0 327.7 322.5 310.7 298.4 294.2 288.0 281.5 284.7 300.2
  40   45 334.2 345.7 348.6 348.4 343.7 324.9 308.4 300.4 294.7 287.3 301.7 318.7
  45   50 356.9 364.2 368.9 365.3 360.6 338.3 320.9 308.8 299.2 294.0 312.1 334.6
  50   55 370.1 378.7 383.8 377.8 367.2 347.6 329.4 313.8 303.4 301.1 317.6 343.4
  55   60 375.5 393.1 396.0 390.9 371.3 348.7 329.3 313.2 305.2 304.9 322.1 348.1
  60   65 382.1 405.2 404.5 403.4 369.6 341.7 320.9 309.5 302.1 305.3 328.2 352.0
  65   70 391.2 414.8 416.0 410.3 367.7 343.7 317.2 303.6 296.0 301.7 330.5 328.8
  70   75   0.0 417.3 430.4 409.8 372.8 343.4 314.7 295.6 289.6 293.0 318.2   0.0
  75   80   0.0 443.8 434.9 406.8 378.7 345.5 315.4 293.5 279.3 279.1   0.0   0.0
  80   85   0.0 464.7 453.2 404.9 380.7 346.9 316.5 295.2 278.6 278.1   0.0   0.0
  85   90   0.0   0.0 460.0 402.4 380.8 346.4 316.2 297.0 277.8   0.0   0.0   0.0
2009 GOME/SCIA/GOME2 merged V3   Mark.Weber@uni-bremen.de
lat0 lat1   Jan   Feb   Mar   Apr   May   Jun   Jul   Aug   Sep   Oct   Nov   Dec
 -90  -85 282.6 253.3 230.3   0.0   0.0   0.0   0.0   0.0 129.5 164.4 207.1 291.3
 -85  -80 283.1 258.9 242.3   0.0   0.0   0.0   0.0   0.0 127.4 173.1 215.5 294.4
 -80  -75 283.8 267.5 258.3 243.0   0.0   0.0   0.0   0.0 147.3 199.1 235.4 298.7
 -75  -70 283.8 274.3 275.1 269.3   0.0   0.0   0.0 222.3 175.3 233.6 268.2 306.8
 -70  -65 286.7 284.8 286.1 292.4 291.9   0.0   0.0 243.4 225.5 277.8 293.4 310.8
 -65  -60 295.0 293.0 289.1 296.1 294.0   0.0 293.4 280.0 289.9 318.6 320.2 319.5
 -60  -55 296.9 294.3 288.8 291.0 294.9 299.5 302.6 317.9 342.9 351.2 334.5 323.3
 -55  -50 292.6 288.4 283.6 285.4 297.8 315.7 321.1 338.2 365.5 361.0 340.1 318.5
 -50  -45 281.8 277.3 274.8 278.0 296.8 316.1 325.2 343.1 362.3 356.3 334.7 309.3
 -45  -40 273.4 268.9 268.1 272.6 289.4 306.2 317.7 341.2 352.2 346.8 325.0 296.8
 -40  -35 269.7 265.1 266.4 267.7 284.2 294.2 306.4 330.5 338.7 334.9 315.2 286.0
 -35  -30 265.6 260.2 264.5 266.4 273.3 280.6 296.0 312.3 317.0 319.3 304.7 278.3
 -30  -25 261.9 255.5 259.6 262.7 263.9 270.4 284.4 293.3 298.6 301.0 294.2 272.2
 -25  -20 258.5 253.2 256.5 257.9 257.8 264.8 275.2 278.2 284.4 286.6 283.7 267.5
 -20  -15 256.1 251.8 255.3 255.1 255.7 261.5 267.2 267.2 273.8 275.5 273.5 262.4
 -15  -10 256.7 252.0 256.6 257.1 256.4 257.0 259.2 261.7 265.4 266.2 264.0 255.8
 -10   -5 257.1 252.9 259.6 260.4 256.7 253.8 255.3 258.6 260.1 259.3 256.2 249.4
  -5    0 255.2 252.2 260.5 262.3 257.7 255.7 257.0 259.7 259.4 255.6 249.6 242.8
   0    5 253.8 251.2 261.2 265.2 261.6 259.9 261.9 263.5 261.1 254.9 246.8 239.4
   5   10 252.0 248.4 260.2 267.0 267.4 266.6 269.0 269.3 266.2 259.3 250.5 240.9
  10   15 253.9 249.9 263.3 271.8 274.2 274.2 274.6 274.2 270.6 263.3 255.0 244.1
  15   20 257.8 257.0 268.7 277.5 280.0 280.1 279.8 277.0 272.3 265.3 258.8 248.5
  20   25 260.0 264.7 277.6 285.2 288.5 287.7 285.9 281.0 275.1 267.0 263.3 253.8
  25   30 268.2 274.4 291.8 299.9 300.2 294.4 290.9 285.4 277.8 269.1 267.1 261.3
  30   35 286.8 295.9 312.2 321.1 313.3 304.3 296.4 289.9 283.6 272.2 271.1 282.1
  35   40 310.7 326.0 338.6 340.6 330.8 320.0 304.6 295.9 288.8 281.1 280.8 311.5
  40   45 335.5 358.7 363.1 363.3 346.2 334.3 317.5 305.7 293.6 294.5 294.8 340.9
  45   50 359.6 383.5 383.9 381.9 364.5 348.3 331.3 316.6 297.4 303.5 308.5 361.2
  50   55 371.3 402.8 400.6 394.7 377.9 355.5 338.2 326.5 302.4 310.5 323.1 368.8
  55   60 379.3 417.8 413.1 405.0 385.8 354.0 338.6 327.3 306.4 312.5 333.2 371.3
  60   65 389.2 440.9 427.8 407.6 389.1 345.9 329.0 320.2 305.8 311.0 343.1 370.0
  65   70 433.3 461.6 440.3 415.2 388.3 349.0 323.0 302.8 303.2 309.8 344.9 328.6
  70   75   0.0 468.5 450.0 424.2 390.7 351.5 317.1 296.9 297.6 302.4 329.8   0.0
  75   80   0.0 472.5 453.2 431.4 392.4 352.1 312.7 292.4 285.5 285.1   0.0   0.0
  80   85   0.0   0.0 459.9 438.4 394.8 347.9 306.0 291.1 283.0 269.8   0.0   0.0
  85   90   0.0   0.0 462.6 439.3 395.9 345.2 300.9 289.1 282.8   0.0   0.0   0.0
2010 GOME/SCIA/GOME2 merged V3   Mark.Weber@uni-bremen.de
lat0 lat1   Jan   Feb   Mar   Apr   May   Jun   Jul   Aug   Sep   Oct   Nov   Dec
 -90  -85 285.5 257.0 247.9   0.0   0.0   0.0   0.0   0.0 138.7 154.3 181.1 250.0
 -85  -80 285.5 261.6 250.7   0.0   0.0   0.0   0.0   0.0 154.7 162.8 187.7 251.7
 -80  -75 284.8 272.3 269.7 262.3   0.0   0.0   0.0   0.0 181.5 184.1 203.2 258.8
 -75  -70 287.8 278.9 285.5 283.2   0.0   0.0   0.0 227.6 212.2 215.4 233.3 273.3
 -70  -65 294.4 286.6 293.4 303.3 301.8   0.0   0.0 265.4 257.6 259.5 269.7 285.5
 -65  -60 302.7 293.6 295.4 304.0 300.0   0.0 318.5 308.3 302.7 301.7 307.1 300.2
 -60  -55 307.9 297.3 292.2 295.9 295.8 285.3 309.7 334.3 332.5 334.5 327.8 309.7
 -55  -50 304.2 293.6 284.6 290.3 296.1 298.8 316.2 339.0 344.9 347.0 331.7 307.7
 -50  -45 293.9 285.2 277.9 282.1 293.5 302.9 320.1 333.6 342.3 341.3 325.2 299.7
 -45  -40 283.7 276.1 273.2 275.9 289.2 304.5 317.9 327.1 336.1 331.2 317.3 294.5
 -40  -35 276.1 270.2 270.5 271.7 286.1 301.7 308.7 314.6 323.7 323.5 312.0 289.4
 -35  -30 270.1 263.9 264.9 268.0 277.0 288.2 292.9 299.1 308.7 308.5 303.2 284.7
 -30  -25 264.4 257.7 260.2 264.2 268.7 273.1 276.6 283.7 291.4 295.2 291.9 279.1
 -25  -20 261.4 253.8 255.8 260.2 261.5 263.1 265.2 270.7 278.1 283.4 282.5 275.6
 -20  -15 258.6 251.0 252.4 255.9 254.1 254.7 258.6 261.4 269.8 277.3 277.2 273.6
 -15  -10 254.3 247.3 250.1 252.0 249.3 249.3 254.5 259.4 269.4 275.5 276.0 272.3
 -10   -5 248.9 243.3 247.4 248.9 247.3 249.7 257.9 264.9 275.9 278.4 276.5 270.7
  -5    0 242.3 238.0 244.7 247.1 246.8 252.5 263.7 272.4 280.9 280.7 276.4 269.4
   0    5 239.2 235.8 245.6 250.1 250.8 256.7 267.0 274.9 281.2 278.5 273.6 267.3
   5   10 239.9 237.2 248.2 255.0 259.4 262.9 270.6 276.4 279.7 276.7 270.1 263.5
  10   15 244.0 241.8 253.1 260.9 267.6 269.7 275.4 277.0 276.4 272.9 264.3 257.5
  15   20 247.9 251.4 260.2 269.8 276.0 276.9 280.7 278.5 275.8 268.8 259.9 253.2
  20   25 253.8 265.5 273.8 284.8 289.7 287.4 287.4 282.6 277.0 267.9 260.1 253.9
  25   30 265.7 283.6 290.9 304.8 306.0 298.6 293.6 287.1 279.8 271.0 263.6 259.4
  30   35 291.2 312.8 316.2 327.7 326.6 312.5 300.9 293.7 286.7 277.2 270.3 274.1
  35   40 326.7 348.6 345.7 354.2 349.5 328.9 308.2 299.6 294.6 285.1 283.6 298.1
  40   45 362.1 381.7 381.1 381.5 370.9 344.6 319.7 306.2 302.4 295.0 298.9 321.6
  45   50 383.4 404.0 410.2 406.3 384.4 357.5 334.1 316.7 310.6 306.2 314.0 339.4
  50   55 393.0 409.0 432.2 418.5 390.9 366.7 345.5 324.9 317.4 313.8 324.1 346.0
  55   60 392.6 411.1 444.5 424.5 395.8 370.5 347.6 329.2 315.8 317.9 328.7 348.5
  60   65 392.0 418.3 449.6 424.9 396.0 365.4 338.6 324.4 311.6 318.5 335.0 353.4
  65   70 395.4 439.1 454.0 426.1 397.3 368.5 330.7 315.8 307.3 314.8 338.6 342.3
  70   75   0.0 467.6 459.2 423.9 402.9 366.7 328.2 305.9 300.2 307.3 335.3   0.0
  75   80   0.0 475.1 460.5 427.7 404.8 364.2 330.5 301.8 290.3 294.7   0.0   0.0
  80   85   0.0   0.0 476.2 442.1 409.2 360.8 333.2 303.3 292.4 283.7   0.0   0.0
  85   90   0.0   0.0 491.1 451.6 413.5 359.5 334.3 303.7 293.8   0.0   0.0   0.0
2011 GOME/SCIA/GOME2 merged V3   Mark.Weber@uni-bremen.de
lat0 lat1   Jan   Feb   Mar   Apr   May   Jun   Jul   Aug   Sep   Oct   Nov   Dec
 -90  -85 270.9 246.0 247.8   0.0   0.0   0.0   0.0   0.0 122.5 132.4 207.0 259.5
 -85  -80 273.0 253.7 267.9   0.0   0.0   0.0   0.0   0.0 133.5 138.8 213.4 263.7
 -80  -75 276.9 268.5 277.9 273.9   0.0   0.0   0.0   0.0 156.6 156.3 229.0 273.6
 -75  -70 284.6 282.0 287.6 281.5   0.0   0.0   0.0 202.2 180.7 181.5 251.1 289.3
 -70  -65 291.9 292.0 290.8 299.9 295.7   0.0   0.0 238.9 219.9 227.0 267.9 295.9
 -65  -60 300.7 296.8 293.1 301.0 298.0   0.0 299.2 282.3 271.6 289.8 293.4 307.1
 -60  -55 304.3 295.3 292.0 295.0 295.1 286.2 307.4 314.6 320.2 334.0 316.8 311.2
 -55  -50 297.7 285.9 284.7 288.1 293.2 298.9 317.7 336.4 346.4 352.1 328.9 307.4
 -50  -45 285.4 277.0 274.9 279.4 287.1 302.6 325.5 345.1 352.5 349.6 329.1 299.5
 -45  -40 275.1 270.7 271.0 271.7 281.6 301.0 326.2 342.0 348.3 343.7 322.3 293.2
 -40  -35 270.6 270.0 270.4 267.8 276.6 297.3 317.8 328.5 335.1 333.8 313.1 290.6
 -35  -30 269.5 268.7 267.9 266.9 273.2 286.1 300.9 310.0 314.7 318.5 304.2 287.0
 -30  -25 268.6 267.2 264.8 264.0 268.3 274.3 281.4 291.6 296.4 304.1 296.5 280.8
 -25  -20 268.8 267.3 263.3 259.8 263.2 267.6 270.6 280.5 287.5 291.3 289.4 274.8
 -20  -15 268.3 267.2 263.0 257.4 258.4 262.2 264.6 274.5 281.7 283.2 281.6 271.0
 -15  -10 267.5 266.8 264.7 258.5 256.2 257.2 259.3 265.5 273.1 275.2 272.3 266.3
 -10   -5 266.8 267.0 266.4 260.3 257.0 255.7 256.4 261.3 267.7 266.5 263.7 259.7
  -5    0 264.8 265.9 266.5 262.2 260.1 259.5 259.7 264.0 267.9 262.8 256.4 251.7
   0    5 262.7 263.7 267.0 265.3 263.3 264.6 264.0 267.9 268.9 261.8 253.4 248.1
   5   10 259.0 259.2 264.0 265.3 267.0 269.9 268.4 271.5 271.5 264.8 256.1 250.9
  10   15 254.6 256.0 262.7 267.2 272.5 274.5 272.0 273.8 273.9 267.2 259.2 253.9
  15   20 253.3 259.9 269.7 274.9 278.5 278.7 276.2 276.1 275.1 268.7 262.1 255.6
  20   25 255.6 266.4 278.4 285.1 286.5 285.0 281.6 279.9 277.5 271.1 264.9 259.8
  25   30 262.1 276.1 288.6 297.0 296.1 290.6 285.0 283.6 278.9 273.6 268.7 266.1
  30   35 282.6 299.3 308.8 312.6 306.3 297.1 289.8 287.8 280.2 274.9 273.2 277.2
  35   40 317.1 329.2 342.7 331.9 321.2 310.4 296.4 292.2 283.9 277.0 283.6 290.9
  40   45 349.4 354.5 370.3 350.6 341.7 326.1 306.6 297.4 290.1 283.2 293.9 307.5
  45   50 366.5 376.1 383.7 364.5 358.1 342.7 317.6 305.7 297.6 291.0 304.7 322.2
  50   55 374.1 391.4 395.1 377.3 372.8 353.5 327.2 311.8 305.0 298.2 315.2 330.7
  55   60 373.1 399.4 397.8 386.3 383.6 353.3 328.2 314.6 305.8 305.3 318.7 339.2
  60   65 374.8 403.0 389.1 396.4 385.2 342.1 320.4 308.7 301.0 308.4 324.5 347.5
  65   70 384.4 396.6 374.1 405.8 380.7 339.2 314.2 299.6 292.6 307.6 321.4 347.6
  70   75   0.0 369.4 352.3 411.2 379.5 337.1 311.5 286.3 283.8 299.7 302.2   0.0
  75   80   0.0 341.9 324.0 412.1 378.1 339.6 307.9 281.7 274.6 287.9   0.0   0.0
  80   85   0.0   0.0 309.3 418.0 376.8 341.1 301.1 280.2 277.1 277.5   0.0   0.0
  85   90   0.0   0.0 324.2 418.6 375.3 338.3 296.0 278.6 281.1   0.0   0.0   0.0
2012 GOME/SCIA/GOME2 merged V3   Mark.Weber@uni-bremen.de
lat0 lat1   Jan   Feb   Mar   Apr   May   Jun   Jul   Aug   Sep   Oct   Nov   Dec
 -90  -85 286.7 263.8 239.7   0.0   0.0   0.0   0.0   0.0 149.6 214.2 300.0 305.3
 -85  -80 289.1 268.2 253.2   0.0   0.0   0.0   0.0   0.0 162.7 228.1 304.9 308.1
 -80  -75 289.6 276.4 270.7 271.8   0.0   0.0   0.0   0.0 185.7 249.3 314.0 309.6
 -75  -70 290.2 281.0 282.7 285.4   0.0   0.0   0.0 234.3 216.2 278.4 319.7 310.6
 -70  -65 292.2 287.7 289.9 300.3 306.3   0.0   0.0 282.3 259.7 310.1 324.4 313.4
 -65  -60 298.3 292.4 292.2 300.9 300.3   0.0 304.0 313.5 304.7 334.8 333.3 321.1
 -60  -55 299.5 293.1 290.5 292.0 294.7 284.6 309.3 327.7 338.7 354.7 339.8 327.3
 -55  -50 292.8 288.0 283.1 281.7 292.7 295.8 317.0 334.2 349.7 359.9 338.5 323.6
 -50  -45 281.5 279.5 275.6 273.5 291.2 301.2 319.6 337.0 348.3 351.2 330.5 312.6
 -45  -40 274.0 272.2 270.0 268.1 286.7 301.1 319.2 334.1 340.9 338.9 320.4 299.4
 -40  -35 271.3 267.7 267.8 266.4 279.5 297.2 313.2 324.3 329.8 326.7 308.3 287.5
 -35  -30 269.2 263.8 266.2 264.8 272.0 287.7 298.9 307.8 314.6 312.7 298.0 279.6
 -30  -25 265.1 261.1 263.6 262.5 266.4 276.3 282.7 289.8 298.9 297.9 290.4 275.4
 -25  -20 261.9 259.1 260.8 259.3 263.7 268.2 270.5 276.2 285.8 284.6 281.5 271.5
 -20  -15 259.3 257.5 259.8 258.2 259.8 261.4 262.0 265.7 273.1 271.8 272.1 266.9
 -15  -10 257.1 255.8 258.8 257.8 256.3 255.8 256.9 261.3 266.2 263.9 264.5 261.1
 -10   -5 252.4 253.2 257.8 256.3 253.9 253.1 254.7 259.2 263.6 260.3 259.3 256.1
  -5    0 245.8 248.5 255.3 255.1 252.6 253.5 256.1 260.7 264.1 258.4 256.3 253.1
   0    5 243.2 247.4 255.5 257.2 256.9 258.8 261.0 264.5 265.4 257.5 253.0 249.5
   5   10 244.6 248.2 258.1 262.7 267.5 268.9 269.6 270.7 269.2 258.5 249.6 243.5
  10   15 248.3 252.0 263.8 271.0 278.5 278.8 279.1 277.1 273.8 261.4 248.8 238.8
  15   20 251.8 258.1 271.1 280.3 286.2 284.2 285.1 280.1 276.5 262.5 249.8 238.1
  20   25 258.1 266.0 282.2 291.2 294.3 288.9 288.6 281.7 277.4 263.5 255.6 245.1
  25   30 269.0 275.4 292.4 301.0 301.5 292.8 290.8 283.6 279.4 266.4 264.5 258.2
  30   35 288.0 296.5 306.9 314.0 310.9 300.2 294.4 287.6 282.8 271.4 275.9 275.3
  35   40 312.4 325.4 331.3 333.2 325.7 313.3 299.2 291.5 285.3 278.3 288.6 298.6
  40   45 337.3 357.2 351.9 352.2 344.2 329.4 307.5 296.7 289.2 287.5 299.6 321.9
  45   50 358.8 384.7 373.0 369.2 359.3 342.7 316.9 303.9 294.6 294.6 310.0 337.4
  50   55 372.8 398.5 391.2 384.2 367.7 346.8 322.6 309.7 299.3 300.4 318.1 341.0
  55   60 382.5 406.7 405.2 397.7 373.4 344.5 322.5 309.9 301.2 304.0 320.1 339.0
  60   65 395.2 411.9 416.9 407.4 378.1 341.4 318.0 305.7 297.8 304.4 320.0 347.3
  65   70 417.5 423.9 429.2 422.9 378.7 336.4 311.9 300.2 293.1 301.0 314.4 354.2
  70   75   0.0 434.6 439.7 437.0 382.0 335.9 310.3 292.2 289.5 294.8 305.7   0.0
  75   80   0.0 436.8 439.7 436.4 387.7 339.9 308.6 286.0 284.1 281.8   0.0   0.0
  80   85   0.0 431.0 450.4 433.5 389.7 343.7 305.6 282.2 270.4 271.8   0.0   0.0
  85   90   0.0   0.0 462.5 432.0 386.3 345.9 301.4 280.6 250.9   0.0   0.0   0.0
2013 GOME/SCIA/GOME2 merged V3   Mark.Weber@uni-bremen.de
lat0 lat1   Jan   Feb   Mar   Apr   May   Jun   Jul   Aug   Sep   Oct   Nov   Dec
 -90  -85 285.5 275.6 236.9   0.0   0.0   0.0   0.0   0.0   0.0 200.7 283.0 306.2
 -85  -80 286.3 278.4 263.0   0.0   0.0   0.0   0.0   0.0 154.9 206.0 285.8 305.3
 -80  -75 285.1 276.5 279.5 269.5   0.0   0.0   0.0   0.0 184.5 224.7 292.7 302.4
 -75  -70 285.3 281.8 292.7 287.0   0.0   0.0   0.0 238.1 216.6 252.9 299.1 302.1
 -70  -65 292.4 291.8 300.0 300.9 313.1   0.0   0.0 258.0 248.8 282.9 308.6 302.3
 -65  -60 301.7 297.0 299.9 300.8 310.7   0.0 305.2 297.6 285.6 312.9 320.8 308.2
 -60  -55 307.0 295.6 294.7 295.1 306.2 305.9 306.5 319.7 325.1 338.0 326.5 311.7
 -55  -50 303.9 288.4 286.0 291.3 302.2 309.1 309.5 332.6 344.4 345.5 322.7 309.4
 -50  -45 294.7 281.5 278.5 285.3 295.8 306.8 310.7 331.2 343.7 339.0 316.1 301.9
 -45  -40 285.2 277.8 274.3 278.3 285.4 296.9 303.9 321.0 331.8 326.9 309.1 291.6
 -40  -35 278.5 275.0 272.8 272.9 275.3 284.6 291.3 304.5 314.9 313.6 302.4 283.7
 -35  -30 272.5 269.3 267.7 268.1 266.0 267.3 274.4 286.1 297.7 299.2 292.3 277.6
 -30  -25 267.1 262.9 262.0 261.6 257.0 254.6 260.4 271.1 283.3 285.1 282.4 271.0
 -25  -20 263.8 259.6 258.5 255.5 251.1 249.8 253.3 261.9 273.6 276.0 273.8 265.6
 -20  -15 260.6 258.3 257.4 252.5 248.8 248.5 253.1 259.1 267.4 269.9 266.8 262.5
 -15  -10 256.5 256.8 257.9 254.5 251.6 252.8 258.1 261.6 265.4 265.8 264.1 260.9
 -10   -5 253.5 256.6 260.0 259.2 259.1 263.3 268.6 271.5 272.9 269.0 264.3 259.7
  -5    0 251.3 256.0 262.4 263.9 266.1 271.8 278.5 282.6 280.8 273.4 265.0 258.9
   0    5 248.1 253.2 261.2 265.2 268.1 275.2 282.7 285.9 282.9 274.3 264.6 258.0
   5   10 241.5 246.2 254.3 262.8 269.1 277.4 284.2 286.1 282.6 274.1 263.9 255.8
  10   15 236.2 240.0 250.0 262.8 272.2 280.4 286.1 286.4 281.6 271.8 261.6 252.4
  15   20 235.5 238.9 251.9 266.3 275.9 283.1 287.6 286.1 279.7 269.2 260.4 251.3
  20   25 241.7 245.9 260.4 275.1 284.6 288.8 289.5 286.6 279.3 269.5 262.3 254.6
  25   30 255.0 259.2 272.5 288.8 296.8 294.5 292.8 289.4 281.5 272.5 266.7 267.0
  30   35 277.7 280.8 293.6 308.6 312.7 301.4 297.3 293.8 285.6 276.6 274.3 285.9
  35   40 308.1 316.1 327.0 336.1 333.2 313.4 303.2 298.6 292.3 281.7 285.7 308.1
  40   45 337.6 354.9 361.5 362.4 352.4 330.6 313.7 305.8 297.3 288.1 298.4 326.4
  45   50 358.3 381.1 388.6 383.0 365.7 348.0 328.6 314.8 302.7 295.8 306.9 337.6
  50   55 369.8 393.9 407.1 396.2 375.0 359.7 338.7 320.3 308.1 303.7 312.3 339.6
  55   60 375.9 401.8 419.7 410.1 386.0 364.9 338.7 319.3 311.1 306.6 317.9 335.2
  60   65 394.3 412.8 430.6 423.0 396.3 359.5 331.0 313.4 310.0 309.0 328.4 342.8
  65   70 425.3 424.7 435.7 434.3 400.5 352.2 323.3 307.5 307.4 311.1 332.1 355.7
  70   75 433.8 437.2 439.0 437.8 404.3 354.4 321.6 301.1 301.9 311.5 329.9   0.0
  75   80   0.0 447.1 435.0 428.3 412.3 363.2 325.5 301.4 294.5 302.8   0.0   0.0
  80   85   0.0 445.0 423.9 419.6 420.0 373.8 327.8 306.2 283.3 288.3   0.0   0.0
  85   90   0.0   0.0 415.7 415.8 422.8 379.8 328.4 309.4 278.2   0.0   0.0   0.0
2014 GOME/SCIA/GOME2 merged V3   Mark.Weber@uni-bremen.de
lat0 lat1   Jan   Feb   Mar   Apr   May   Jun   Jul   Aug   Sep   Oct   Nov   Dec
 -90  -85 282.8 285.5 269.4   0.0   0.0   0.0   0.0   0.0   0.0 173.9 244.3 283.3
 -85  -80 283.8 284.5 276.1   0.0   0.0   0.0   0.0   0.0 148.8 179.2 250.2 285.6
 -80  -75 284.2 285.3 281.6 301.7   0.0   0.0   0.0   0.0 173.0 203.9 264.5 292.4
 -75  -70 287.3 291.6 289.6 300.4   0.0   0.0   0.0 246.1 208.2 237.8 279.8 301.1
 -70  -65 291.7 295.5 293.0 303.5   0.0   0.0   0.0 263.4 245.7 277.9 296.1 305.0
 -65  -60 299.3 296.1 292.8 299.3 317.5   0.0 307.3 297.7 291.1 316.8 316.9 314.0
 -60  -55 303.8 291.8 289.7 290.7 302.2 297.3 314.7 326.3 335.1 349.4 334.5 320.0
 -55  -50 299.3 284.4 280.9 284.5 298.9 309.5 322.2 345.9 359.2 360.8 339.1 315.4
 -50  -45 287.7 275.7 271.6 278.8 298.5 318.1 329.6 349.6 358.3 355.0 332.5 304.3
 -45  -40 277.4 270.0 267.4 275.4 294.8 315.2 327.7 340.5 348.9 342.7 322.4 293.8
 -40  -35 271.7 267.4 268.6 271.6 288.4 303.5 316.0 324.6 334.4 327.9 312.6 287.9
 -35  -30 266.8 264.2 267.9 267.8 276.5 286.5 298.4 304.2 316.2 313.2 302.5 284.6
 -30  -25 262.5 261.2 262.6 264.3 265.3 273.1 281.5 287.0 298.8 300.4 293.6 279.3
 -25  -20 259.9 259.5 258.5 260.9 261.2 265.7 270.7 276.9 286.3 290.0 286.0 274.4
 -20  -15 257.5 258.6 257.1 257.4 259.1 261.8 265.1 271.6 277.6 281.2 278.1 271.3
 -15  -10 256.3 258.0 258.9 257.5 257.8 258.0 261.5 267.4 272.4 272.1 269.0 265.5
 -10   -5 256.2 259.2 261.3 258.8 257.2 256.0 258.7 264.8 268.7 264.8 260.0 256.6
  -5    0 254.6 258.4 261.7 259.3 257.6 257.1 261.0 266.9 268.8 260.8 252.8 248.2
   0    5 252.8 255.6 261.3 261.2 259.8 261.3 266.4 270.0 269.3 259.5 250.2 245.0
   5   10 250.3 252.1 260.0 264.1 266.3 269.2 272.7 274.9 272.3 263.1 253.2 246.8
  10   15 248.9 253.5 263.2 270.4 275.5 276.7 278.3 279.3 277.2 268.0 257.3 250.1
  15   20 251.5 258.6 268.1 278.1 283.8 282.3 282.5 279.8 278.0 269.5 259.8 254.1
  20   25 258.4 266.0 275.1 287.5 292.9 287.9 286.2 281.0 278.5 271.0 264.7 258.4
  25   30 271.4 279.3 290.1 297.2 301.6 293.1 289.5 282.8 278.7 271.6 268.1 264.6
  30   35 292.3 303.2 314.4 315.2 315.6 302.5 294.8 286.6 281.1 273.7 270.5 279.3
  35   40 320.1 333.7 342.4 338.0 332.0 315.4 302.7 292.5 285.9 277.9 281.3 300.8
  40   45 345.4 363.9 367.7 359.8 349.7 330.8 313.7 301.5 292.1 286.0 298.6 322.2
  45   50 365.3 387.0 388.5 376.7 361.6 342.8 325.8 312.7 300.9 297.1 314.5 338.9
  50   55 380.3 401.0 399.8 389.8 369.2 350.9 333.4 319.8 307.0 308.0 326.0 349.5
  55   60 385.4 402.1 403.3 399.3 375.4 353.1 333.0 319.3 309.3 314.6 330.0 356.8
  60   65 389.0 396.0 402.8 407.9 379.6 349.8 324.3 311.9 308.7 316.1 332.8 365.6
  65   70 387.9 388.7 401.3 419.2 384.4 345.3 316.4 306.1 307.6 315.0 331.1 373.0
  70   75 375.9 382.2 403.4 434.6 390.7 343.6 314.6 300.5 303.4 308.6 328.8   0.0
  75   80   0.0 381.6 414.0 447.0 399.1 347.2 318.0 295.3 294.0 286.2   0.0   0.0
  80   85   0.0   0.0 421.0 454.4 400.5 353.3 318.1 286.0 279.0 263.1   0.0   0.0
  85   90   0.0   0.0 433.3 462.4 401.8 356.8 317.0 279.1 267.6   0.0   0.0   0.0
2015 GOME/SCIA/GOME2 merged V3   Mark.Weber@uni-bremen.de
lat0 lat1   Jan   Feb   Mar   Apr   May   Jun   Jul   Aug   Sep   Oct   Nov   Dec
 -90  -85 281.3 270.4 252.6   0.0   0.0   0.0   0.0   0.0   0.0 130.7 164.3 246.6
 -85  -80 284.1 269.9 260.0   0.0   0.0   0.0   0.0   0.0 149.6 134.4 168.7 249.7
 -80  -75 287.8 273.1 272.5 272.9   0.0   0.0   0.0   0.0 166.8 144.1 182.1 256.1
 -75  -70 293.0 283.7 286.4 300.1   0.0   0.0   0.0 249.7 187.6 160.9 206.5 268.9
 -70  -65 298.7 293.2 294.4 312.0   0.0   0.0   0.0 269.8 214.6 193.4 242.0 276.8
 -65  -60 303.4 298.9 296.8 311.8 318.9   0.0 331.2 295.6 258.1 252.6 284.5 288.7
 -60  -55 304.1 297.4 295.1 299.7 308.2 315.6 316.1 311.0 303.5 310.6 316.6 297.8
 -55  -50 299.8 289.8 288.4 290.4 304.4 317.3 314.3 319.9 325.1 332.2 324.1 299.8
 -50  -45 290.2 281.1 281.1 282.0 301.5 316.2 320.5 324.7 329.4 331.8 318.1 295.3
 -45  -40 280.2 275.0 274.8 276.2 292.6 309.4 318.4 321.9 325.4 325.1 311.3 289.2
 -40  -35 274.1 272.2 271.3 272.6 283.1 297.2 306.0 312.0 316.2 315.5 304.5 285.5
 -35  -30 269.7 268.8 268.2 267.9 271.9 279.8 286.7 294.1 302.1 303.1 295.9 282.7
 -30  -25 264.7 263.6 264.7 264.1 262.3 262.5 268.6 274.9 285.1 290.0 287.0 278.5
 -25  -20 261.3 261.0 263.4 260.0 255.6 251.2 255.3 261.2 272.4 278.9 277.7 271.6
 -20  -15 260.7 261.5 262.4 255.7 250.8 245.0 247.5 253.7 265.4 270.5 269.6 263.9
 -15  -10 257.5 259.8 259.8 253.0 248.9 245.2 248.8 256.3 263.9 267.3 265.7 260.0
 -10   -5 251.5 255.3 256.7 252.4 252.6 254.8 259.4 266.8 271.0 270.2 265.9 258.9
  -5    0 244.8 250.4 254.0 253.7 257.8 264.1 270.6 278.3 281.0 275.0 265.3 256.0
   0    5 241.1 247.4 253.9 257.2 261.8 269.1 276.9 282.9 283.8 276.2 264.0 253.4
   5   10 241.3 247.2 255.4 260.9 266.2 272.7 279.9 283.4 282.3 274.9 262.2 250.6
  10   15 243.9 249.9 259.5 267.6 273.1 278.8 281.9 281.7 279.2 271.0 258.8 249.2
  15   20 248.4 257.6 269.8 278.5 283.3 286.1 284.6 281.3 276.4 267.5 257.3 251.7
  20   25 257.2 271.6 284.2 293.1 296.9 293.1 288.8 283.3 276.5 268.0 259.4 255.1
  25   30 269.1 288.2 296.8 306.8 308.8 296.9 293.0 287.6 279.5 270.8 264.0 261.5
  30   35 289.9 313.1 314.6 320.6 318.8 304.2 296.7 293.0 285.5 275.1 273.2 274.9
  35   40 320.1 343.3 339.3 339.5 333.1 318.4 302.4 298.7 291.7 281.5 284.8 295.7
  40   45 347.2 366.1 365.2 358.1 353.0 336.4 313.0 305.4 298.0 291.8 298.0 317.5
  45   50 367.3 381.1 386.5 376.7 371.3 351.1 328.3 312.5 304.5 304.0 312.3 334.0
  50   55 385.2 392.7 404.7 397.8 385.7 359.6 340.2 318.7 310.9 313.4 324.1 342.5
  55   60 399.8 405.8 417.3 414.7 395.3 360.8 342.3 321.7 314.5 316.0 330.7 344.3
  60   65 419.0 418.8 423.6 425.3 397.0 357.5 336.1 318.3 312.2 315.2 332.1 350.2
  65   70 438.3 428.5 424.4 433.5 394.4 354.5 326.8 311.2 303.7 314.2 324.4 351.7
  70   75 433.8 426.3 421.7 444.0 393.1 354.0 319.1 302.6 295.4 305.8 318.7   0.0
  75   80   0.0 418.4 426.1 455.3 399.6 354.5 314.1 299.5 288.5 286.3   0.0   0.0
  80   85   0.0   0.0 424.7 470.1 403.2 353.0 311.3 298.5 279.6 265.9   0.0   0.0
  85   90   0.0   0.0 439.5 482.9 407.2 352.9 307.7 298.6 272.2   0.0   0.0   0.0
2016 GOME/SCIA/GOME2 merged V3   Mark.Weber@uni-bremen.de
lat0 lat1   Jan   Feb   Mar   Apr   May   Jun   Jul   Aug   Sep   Oct   Nov   Dec
 -90  -85 281.4 266.9 264.5   0.0   0.0   0.0   0.0   0.0 138.8 165.5 295.7 304.9
 -85  -80 279.6 269.3 262.2   0.0   0.0   0.0   0.0   0.0 156.5 180.4 297.9 306.3
 -80  -75 280.2 272.0 272.2 260.5   0.0   0.0   0.0   0.0 183.2 203.4 299.3 305.8
 -75  -70 283.0 278.3 281.8 285.9   0.0   0.0   0.0 239.8 214.2 234.1 301.4 306.6
 -70  -65 288.0 286.7 289.9 299.6 308.5   0.0   0.0 276.4 259.2 270.1 305.5 308.7
 -65  -60 293.1 291.7 290.6 301.6 311.6   0.0 319.5 311.6 312.4 306.1 314.9 313.4
 -60  -55 294.7 292.0 288.0 296.3 313.6 320.6 330.9 338.6 339.9 333.2 323.9 318.3
 -55  -50 290.0 286.5 284.0 291.5 312.4 328.3 338.7 351.0 348.8 345.3 326.1 316.0
 -50  -45 282.6 277.3 276.9 283.8 309.2 324.6 335.5 349.8 347.1 345.1 319.2 306.8
 -45  -40 275.9 270.0 269.2 275.8 298.3 312.7 325.3 337.7 339.8 337.4 307.6 294.0
 -40  -35 272.9 268.0 266.6 269.6 283.8 296.8 308.9 317.4 327.0 324.3 298.2 282.2
 -35  -30 270.0 265.5 265.4 265.0 269.0 277.9 286.6 294.5 307.6 305.6 290.0 273.2
 -30  -25 266.2 261.4 260.0 259.5 259.0 262.0 266.9 274.1 288.0 288.4 282.0 266.9
 -25  -20 261.9 258.5 254.4 253.2 251.4 251.4 252.1 259.4 273.1 276.1 273.2 263.2
 -20  -15 257.6 256.1 251.7 249.3 245.4 244.3 243.9 250.2 263.1 266.7 263.5 259.6
 -15  -10 255.5 254.5 252.1 250.1 246.1 245.2 248.3 252.9 261.1 263.5 259.9 257.8
 -10   -5 255.2 254.5 253.8 252.8 253.3 256.1 261.4 265.8 269.6 268.9 261.8 258.5
  -5    0 252.6 252.9 254.6 256.5 259.9 263.9 270.2 275.7 277.6 273.2 263.5 259.5
   0    5 249.9 250.0 254.3 257.4 259.9 264.6 271.5 277.6 277.1 271.4 261.7 258.1
   5   10 246.6 246.0 249.9 252.8 257.5 265.0 271.4 276.5 274.5 268.1 257.4 253.0
  10   15 246.0 245.5 248.0 254.2 261.4 269.0 273.0 275.9 271.6 265.2 253.2 246.6
  15   20 247.7 250.9 254.6 262.3 270.2 274.6 275.7 276.1 270.6 263.2 252.2 243.6
  20   25 251.8 259.6 267.2 278.1 284.3 282.4 280.5 279.1 271.0 262.4 254.1 244.9
  25   30 263.8 272.0 283.8 296.0 298.4 289.0 284.8 283.1 273.4 262.8 256.2 249.6
  30   35 286.0 295.4 305.8 315.1 313.1 297.5 289.7 287.0 276.7 265.9 260.6 263.3
  35   40 317.4 328.5 333.0 337.6 329.4 309.4 295.6 290.0 281.6 272.3 273.2 285.7
  40   45 348.7 360.5 360.8 360.1 348.2 324.3 305.2 293.4 288.9 284.3 287.7 311.4
  45   50 373.5 383.8 379.9 378.0 365.2 338.2 317.2 300.0 296.7 301.1 300.4 335.2
  50   55 381.4 395.9 389.4 389.6 371.9 346.6 326.2 306.1 299.2 310.2 310.1 349.9
  55   60 373.8 394.7 394.2 395.5 372.1 347.7 326.8 307.9 299.3 311.5 320.4 359.0
  60   65 367.1 386.7 399.7 398.6 374.0 343.7 321.6 303.6 295.8 308.8 334.3 373.6
  65   70 370.9 375.9 410.2 406.6 374.8 340.5 314.8 299.2 293.3 303.6 339.5 379.3
  70   75 399.4 364.4 429.4 415.9 375.6 344.4 313.1 295.8 294.3 297.3 336.5   0.0
  75   80   0.0 376.3 445.1 419.3 377.0 353.3 314.5 296.7 295.0 286.5   0.0   0.0
  80   85   0.0 429.7 463.0 422.0 377.6 356.6 316.7 297.7 292.2 273.0   0.0   0.0
  85   90   0.0   0.0 461.7 425.5 376.7 356.3 317.1 296.3 288.9   0.0   0.0   0.0
2017 GOME/SCIA/GOME2 merged V3   Mark.Weber@uni-bremen.de
lat0 lat1   Jan   Feb   Mar   Apr   May   Jun   Jul   Aug   Sep   Oct   Nov   Dec
 -90  -85 285.7 277.9 280.7   0.0   0.0   0.0   0.0   0.0 162.6 181.1 287.6 287.3
 -85  -80 287.8 274.3 274.8   0.0   0.0   0.0   0.0   0.0 183.4 195.4 296.1 292.5
 -80  -75 284.9 270.4 274.5 268.2   0.0   0.0   0.0   0.0 207.8 218.6 304.4 299.7
 -75  -70 286.1 275.9 281.5 284.3   0.0   0.0   0.0 242.1 235.1 251.8 309.3 308.3
 -70  -65 293.8 287.1 289.1 301.3 309.7   0.0   0.0 290.1 279.0 290.3 316.3 315.0
 -65  -60 300.6 295.9 293.2 305.7 311.3   0.0 309.2 317.6 326.1 325.3 327.6 322.4
 -60  -55 305.3 299.6 295.0 301.4 304.0 306.0 313.6 336.4 353.0 352.5 335.2 325.5
 -55  -50 303.7 294.5 290.1 295.8 297.8 312.8 324.8 348.8 364.3 360.4 334.6 318.1
 -50  -45 294.0 283.3 281.0 286.3 295.0 313.8 333.4 353.2 364.5 355.7 328.1 306.1
 -45  -40 281.4 274.1 272.8 277.3 289.9 310.9 331.4 346.1 355.2 344.6 319.3 296.4
 -40  -35 272.8 269.7 269.3 270.4 282.3 301.9 318.0 330.5 339.2 331.7 310.0 289.7
 -35  -30 266.3 264.9 266.0 265.1 271.9 287.9 295.9 308.8 317.6 316.9 300.4 283.4
 -30  -25 261.4 260.1 261.4 261.4 263.4 271.3 277.2 286.5 296.8 301.8 291.4 276.3
 -25  -20 259.6 258.1 258.5 257.4 260.2 261.1 268.1 272.2 282.3 290.0 284.3 271.5
 -20  -15 259.0 258.3 258.3 256.6 258.5 258.3 262.7 266.9 274.3 281.5 278.4 267.6
 -15  -10 258.8 259.6 260.8 259.4 257.2 256.8 258.9 263.7 268.5 271.7 269.9 261.0
 -10   -5 259.6 261.0 263.7 261.7 257.3 255.7 257.2 261.2 264.8 264.7 260.9 253.2
  -5    0 259.2 261.1 264.4 262.5 258.1 257.2 260.1 263.7 264.9 260.9 253.9 245.7
   0    5 257.4 259.3 263.4 263.2 259.6 260.2 264.1 266.3 264.6 259.6 251.7 243.2
   5   10 251.7 252.8 258.3 261.9 263.6 266.6 268.7 269.1 266.2 261.6 253.8 246.0
  10   15 245.2 247.1 255.9 264.0 270.7 272.7 272.7 272.3 269.5 266.1 257.3 250.2
  15   20 243.3 248.4 259.9 270.7 276.4 276.3 276.7 273.9 270.3 267.7 259.4 253.3
  20   25 247.0 253.9 267.8 281.4 286.7 282.0 282.8 277.0 271.9 268.5 262.4 258.6
  25   30 258.9 266.9 279.8 293.5 298.4 288.7 287.1 280.0 274.4 269.3 267.8 264.5
  30   35 280.0 292.8 302.8 309.1 311.1 297.6 291.4 283.5 278.9 271.5 273.7 275.9
  35   40 309.8 326.6 333.8 331.4 327.9 311.0 296.3 287.9 284.1 274.7 282.3 297.7
  40   45 338.8 354.7 360.1 353.0 344.5 327.0 303.5 295.3 291.2 281.9 295.2 322.8
  45   50 359.4 375.1 378.6 368.8 355.6 338.7 314.5 304.7 298.6 295.3 308.4 342.4
  50   55 368.8 388.8 389.3 379.8 364.9 344.4 325.2 311.1 304.8 307.3 318.1 349.5
  55   60 372.5 395.1 395.8 390.4 372.4 346.0 327.3 310.2 307.3 314.2 322.8 347.3
  60   65 382.2 400.6 400.1 401.2 376.7 343.8 321.4 303.6 301.1 313.2 328.6 352.8
  65   70 396.1 405.8 408.1 413.2 376.2 339.9 314.3 299.9 291.4 307.9 327.7 345.5
  70   75 410.3 413.3 425.0 421.5 375.0 340.9 313.5 295.6 283.0 296.9 315.2   0.0
  75   80   0.0 423.3 435.8 420.1 379.1 344.5 316.0 293.1 276.8 273.4   0.0   0.0
  80   85   0.0 423.0 432.9 418.5 380.3 345.4 320.6 293.1 264.9 251.6   0.0   0.0
  85   90   0.0   0.0 416.3 417.7 379.9 342.5 322.9 292.1 250.8   0.0   0.0   0.0
2018 GOME/SCIA/GOME2 merged V3   Mark.Weber@uni-bremen.de
lat0 lat1   Jan   Feb   Mar   Apr   May   Jun   Jul   Aug   Sep   Oct   Nov   Dec
 -90  -85 288.4 259.1 227.6   0.0   0.0   0.0   0.0   0.0 129.4 130.7 203.7 280.5
 -85  -80 287.7 264.2 243.1   0.0   0.0   0.0   0.0   0.0 148.7 137.5 212.7 283.3
 -80  -75 285.9 268.4 263.5 261.2   0.0   0.0   0.0   0.0 166.8 150.7 231.2 289.2
 -75  -70 288.6 278.4 282.5 280.0   0.0   0.0   0.0 219.1 190.2 178.6 254.2 298.6
 -70  -65 296.9 290.4 295.1 304.8 338.5   0.0   0.0 251.4 227.6 230.4 278.6 306.0
 -65  -60 305.3 296.9 298.0 312.3 327.9   0.0 310.7 295.5 280.0 297.1 308.9 312.3
 -60  -55 308.6 296.3 294.4 306.0 316.2 316.5 322.4 323.8 324.5 346.2 331.1 315.9
 -55  -50 302.6 289.2 286.0 296.3 310.7 323.4 333.4 338.7 347.8 358.6 336.4 310.8
 -50  -45 291.4 280.5 277.6 285.2 305.7 326.1 338.5 348.3 354.0 353.7 331.2 301.2
 -45  -40 282.1 273.9 271.9 276.6 296.9 322.6 335.2 346.6 349.6 345.7 322.4 293.1
 -40  -35 276.9 269.8 268.8 271.2 285.5 310.8 322.2 332.4 336.3 335.1 312.3 287.3
 -35  -30 271.5 263.4 263.3 266.8 274.7 292.1 302.7 310.8 316.2 319.9 300.5 281.3
 -30  -25 265.7 257.4 258.4 264.1 267.3 274.6 284.8 289.8 297.1 301.7 289.4 275.0
 -25  -20 263.8 255.2 256.3 261.5 264.5 264.9 271.7 273.8 283.6 286.9 279.4 267.7
 -20  -15 262.8 254.1 256.1 259.2 259.0 257.0 259.1 263.1 271.3 272.3 269.1 263.0
 -15  -10 258.6 252.4 254.1 255.9 253.2 250.8 252.1 257.8 266.0 266.7 264.0 260.7
 -10   -5 252.7 247.8 250.8 251.0 249.1 247.8 250.8 258.7 267.3 267.8 263.4 259.9
  -5    0 246.1 242.4 247.8 248.1 246.5 248.0 252.9 263.2 271.5 269.5 263.9 259.1
   0    5 242.7 240.1 248.4 250.9 251.2 253.5 258.6 267.4 272.0 267.6 261.3 256.4
   5   10 243.4 241.9 252.5 258.9 262.4 264.6 267.3 272.6 272.3 264.2 255.6 249.3
  10   15 247.5 247.4 259.3 268.0 273.4 274.2 275.5 277.5 273.6 262.0 249.0 240.6
  15   20 253.8 255.7 267.1 277.2 281.6 280.3 281.0 280.3 274.5 260.8 245.9 235.3
  20   25 263.7 267.1 277.0 288.1 291.1 287.5 286.7 283.2 275.0 262.1 248.2 235.2
  25   30 275.9 281.5 291.8 302.3 303.2 294.1 291.2 285.8 276.8 266.1 254.2 243.9
  30   35 296.3 305.8 315.3 319.8 316.4 301.1 295.1 288.3 280.3 271.5 265.9 263.1
  35   40 324.5 335.0 344.0 340.8 327.8 310.6 298.2 290.6 284.3 278.6 283.0 291.0
  40   45 352.1 363.5 371.2 363.1 339.7 325.5 304.8 295.1 290.0 289.1 301.6 319.7
  45   50 372.8 386.5 396.1 384.0 357.1 341.2 315.5 302.6 296.5 301.3 317.3 341.2
  50   55 380.1 403.5 416.3 398.6 373.1 351.5 324.1 308.1 303.1 309.8 326.7 349.7
  55   60 377.0 413.2 429.0 406.4 382.9 354.0 325.1 311.3 305.4 311.7 327.4 349.6
  60   65 375.7 416.7 431.7 411.5 390.5 349.6 319.7 308.6 301.3 309.0 329.5 356.2
  65   70 372.3 420.6 433.2 420.0 394.1 344.8 312.2 302.8 296.2 305.6 328.8 360.5
  70   75 362.4 443.9 444.4 427.2 394.9 346.0 313.7 297.4 294.8 301.4 317.6   0.0
  75   80   0.0 455.2 456.0 429.5 398.7 352.4 322.7 293.3 293.4 292.4   0.0   0.0
  80   85   0.0 402.6 470.2 431.5 399.6 357.7 327.7 289.1 287.2 269.5   0.0   0.0
  85   90   0.0   0.0 466.0 432.2 397.6 359.6 326.1 284.7 281.1   0.0   0.0   0.0
2019 GOME/SCIA/GOME2 merged V3   Mark.Weber@uni-bremen.de
lat0 lat1   Jan   Feb   Mar   Apr   May   Jun   Jul   Aug   Sep   Oct   Nov   Dec
 -90  -85 284.5 267.4 258.3   0.0   0.0   0.0   0.0   0.0 220.8 234.6 331.1 309.1
 -85  -80 284.3 270.4 272.1   0.0   0.0   0.0   0.0   0.0 237.2 252.6 331.2 307.3
 -80  -75 283.4 272.2 278.4 278.7   0.0   0.0   0.0   0.0 274.6 277.9 331.3 305.8
 -75  -70 286.2 278.0 286.7 293.3   0.0   0.0   0.0 259.3 298.5 305.2 332.1 307.1
 -70  -65 293.1 286.2 295.2 308.4 318.5   0.0   0.0 279.6 330.3 329.5 335.6 310.7
 -65  -60 299.8 292.5 296.8 306.4 311.6   0.0 315.8 313.3 353.6 346.5 339.2 318.2
 -60  -55 302.3 294.0 291.7 294.6 300.4 298.2 321.2 333.4 366.2 358.6 341.8 325.4
 -55  -50 296.8 289.9 283.3 288.1 295.7 305.5 327.2 344.2 366.8 362.4 339.1 324.3
 -50  -45 286.5 282.0 274.9 282.9 292.8 308.5 327.5 345.9 360.1 356.0 330.1 316.1
 -45  -40 277.8 275.5 269.7 275.5 286.8 304.3 322.6 339.4 347.8 343.5 317.7 303.4
 -40  -35 271.9 271.7 267.2 268.5 276.2 293.5 310.8 323.5 331.8 329.4 305.6 291.8
 -35  -30 266.9 265.9 265.0 262.6 264.6 277.0 292.4 301.5 311.7 313.2 295.9 282.4
 -30  -25 262.7 259.8 260.4 257.6 256.3 263.1 275.2 282.8 291.0 298.2 287.6 275.0
 -25  -20 259.4 256.5 256.3 253.4 252.2 255.9 264.3 270.8 275.9 285.9 279.8 269.2
 -20  -15 256.9 256.0 255.8 252.5 250.8 252.1 257.9 264.3 266.9 274.1 270.0 262.8
 -15  -10 256.2 258.0 258.8 255.3 251.7 251.9 254.3 259.9 258.5 264.9 261.5 257.0
 -10   -5 256.7 260.0 261.6 259.2 255.6 254.7 256.0 259.5 256.8 261.7 256.2 251.5
  -5    0 256.2 259.6 263.0 262.4 260.1 260.3 262.7 264.2 259.7 260.5 252.6 247.1
   0    5 254.2 257.5 262.8 264.2 263.4 264.6 267.8 268.3 261.6 259.8 251.3 245.3
   5   10 247.6 250.3 257.7 261.5 265.2 267.4 270.1 270.4 262.3 261.2 252.8 245.2
  10   15 239.0 241.9 252.7 259.9 266.8 270.6 272.0 271.8 262.7 262.7 253.5 246.4
  15   20 233.1 237.4 250.8 262.5 271.5 275.5 275.7 274.2 264.2 263.4 253.9 248.6
  20   25 234.1 239.3 253.5 271.8 280.1 282.5 282.0 278.6 267.8 265.0 256.8 254.3
  25   30 243.8 249.2 265.1 287.1 291.6 290.8 287.3 282.4 271.8 268.4 261.4 266.6
  30   35 266.0 270.9 290.7 306.9 307.4 303.0 292.8 286.2 276.0 273.4 271.9 286.4
  35   40 298.2 304.2 327.2 331.6 329.8 318.7 300.2 291.3 281.1 279.6 287.6 308.9
  40   45 326.8 341.9 359.3 356.4 352.0 335.5 311.3 299.9 287.1 284.3 302.9 330.3
  45   50 347.3 374.2 382.7 377.5 368.3 348.6 323.3 309.3 294.7 291.1 316.3 343.0
  50   55 361.0 395.6 400.2 394.0 377.4 353.9 332.1 313.8 302.6 300.4 323.8 346.9
  55   60 374.9 409.2 412.5 406.9 383.7 351.9 331.6 312.1 306.2 306.1 323.4 344.7
  60   65 402.1 419.4 417.5 411.4 391.3 349.1 324.6 307.9 302.7 304.9 323.6 348.0
  65   70 431.8 424.2 420.1 419.2 397.0 348.7 317.4 305.4 295.8 300.3 317.5 360.2
  70   75 430.2 429.0 430.9 431.3 400.3 355.1 316.4 301.3 290.1 292.8 319.2   0.0
  75   80   0.0 432.9 442.6 439.5 405.2 361.2 318.6 299.1 284.8 276.5   0.0   0.0
  80   85   0.0 392.4 443.7 448.2 402.2 361.3 320.1 300.1 274.9 258.3   0.0   0.0
  85   90   0.0   0.0 428.8 450.5 390.1 358.6 318.7 301.2 263.0   0.0   0.0   0.0
2020 GOME/SCIA/GOME2 merged V3   Mark.Weber@uni-bremen.de
lat0 lat1   Jan   Feb   Mar   Apr   May   Jun   Jul   Aug   Sep   Oct   Nov   Dec
 -90  -85 292.3 279.8 258.8   0.0   0.0   0.0   0.0   0.0 122.4 122.4 147.1 220.4
 -85  -80 292.2 280.9 270.6   0.0   0.0   0.0   0.0   0.0 139.7 129.9 154.4 226.7
 -80  -75 290.0 281.4 283.6 267.1   0.0   0.0   0.0   0.0 160.6 146.2 168.3 239.0
 -75  -70 291.1 286.5 293.4 289.5   0.0   0.0   0.0 237.6 183.5 179.4 195.9 257.5
 -70  -65 299.3 294.9 297.9 300.5 310.9   0.0   0.0 272.1 222.3 229.8 240.7 273.7
 -65  -60 307.3 299.4 296.3 299.5 307.0   0.0 298.1 298.8 282.3 283.2 286.8 289.5
 -60  -55 311.5 300.1 290.7 292.7 301.2 302.7 310.2 319.4 330.1 324.0 313.6 300.2
 -55  -50 306.8 293.0 281.8 289.4 298.8 306.0 316.5 327.5 347.8 340.7 322.8 300.5
 -50  -45 295.3 282.9 275.1 284.4 296.8 306.8 317.5 328.0 345.4 335.3 320.2 293.5
 -45  -40 283.2 276.4 272.4 276.5 289.9 300.0 312.4 322.3 335.4 325.5 314.1 284.7
 -40  -35 275.9 273.8 270.0 269.6 279.2 287.9 300.0 310.9 321.9 315.2 306.6 278.4
 -35  -30 270.5 270.1 266.3 262.8 267.6 274.2 283.7 295.2 304.5 302.6 296.3 273.1
 -30  -25 266.0 265.3 262.2 259.0 259.0 263.6 270.8 280.1 287.5 290.8 285.5 269.7
 -25  -20 262.7 261.9 259.2 256.5 253.5 257.4 262.0 268.5 274.0 279.9 276.8 266.5
 -20  -15 259.5 258.8 257.4 254.1 248.9 250.9 255.3 261.0 265.7 273.0 271.7 263.7
 -15  -10 255.6 257.0 256.4 253.7 248.1 248.4 252.0 257.0 263.4 269.2 267.8 261.5
 -10   -5 251.2 255.5 256.5 254.0 248.7 250.4 256.0 260.6 266.0 268.4 265.1 258.4
  -5    0 245.8 251.9 256.1 254.1 249.6 255.0 262.4 266.9 269.7 269.5 263.3 255.2
   0    5 243.4 250.0 256.2 256.6 253.1 258.9 266.2 270.5 270.3 268.7 261.7 252.6
   5   10 243.8 251.1 257.6 260.7 259.6 264.3 269.7 272.3 270.5 268.6 260.6 251.2
  10   15 247.9 255.9 262.0 267.4 267.0 271.0 273.8 272.2 269.6 266.8 259.4 250.2
  15   20 254.9 263.3 268.9 275.3 275.9 276.3 276.0 272.9 269.2 265.3 260.0 250.5
  20   25 262.5 272.7 279.7 285.3 286.7 281.4 277.4 273.8 269.0 264.4 262.0 254.2
  25   30 276.0 281.3 293.4 299.3 295.2 284.3 278.0 275.1 268.9 263.4 264.3 263.5
  30   35 298.8 296.9 311.9 317.3 303.6 289.0 281.0 277.4 271.9 264.6 268.4 278.2
  35   40 326.5 321.5 333.4 337.3 317.4 300.1 288.7 282.4 277.2 269.0 276.8 298.1
  40   45 351.0 349.7 353.8 354.5 333.8 316.5 300.9 291.1 282.8 277.5 287.4 316.0
  45   50 367.7 376.4 371.9 366.8 348.2 331.1 312.8 302.1 288.6 289.9 299.5 329.0
  50   55 374.1 394.8 385.4 372.6 356.4 339.0 319.3 309.1 296.1 301.2 309.7 335.6
  55   60 373.6 401.5 389.5 372.5 358.9 339.8 320.2 308.6 300.1 307.8 315.8 338.8
  60   65 375.2 391.5 378.8 365.4 360.8 334.8 314.6 301.7 298.3 309.0 320.2 348.4
  65   70 378.7 372.2 361.2 356.6 360.6 328.8 307.7 295.8 293.3 307.1 325.2 341.7
  70   75 385.7 341.2 335.8 344.5 359.6 328.3 302.9 288.9 289.3 301.0 326.6   0.0
  75   80   0.0 314.5 297.2 324.6 361.5 333.1 299.0 280.8 286.7 283.7   0.0   0.0
  80   85   0.0 299.4 266.3 307.9 362.6 337.2 292.4 270.5 278.6 257.3   0.0   0.0
  85   90   0.0   0.0 246.1 300.6 358.5 335.3 285.2 263.3 267.0   0.0   0.0   0.0
