1995 GTO-ECV_CCI_OMI_ext Melanie.Coldewey-Egbers@dlr.de
        Jan   Feb   Mar   Apr   May   Jun   Jul   Aug   Sep   Oct   Nov   Dec
-90 -85   0.0   0.0   0.0   0.0   0.0   0.0   0.0   0.0   0.0   0.0   0.0   0.0
-85 -80   0.0   0.0   0.0   0.0   0.0   0.0   0.0   0.0   0.0 142.8 207.3 268.5
-80 -75   0.0   0.0   0.0   0.0   0.0   0.0   0.0   0.0   0.0 156.7 226.0 275.5
-75 -70   0.0   0.0   0.0   0.0   0.0   0.0   0.0   0.0   0.0 188.0 243.5 284.8
-70 -65   0.0   0.0   0.0   0.0   0.0   0.0   0.0   0.0 225.4 240.5 274.0 296.9
-65 -60   0.0   0.0   0.0   0.0   0.0   0.0   0.0   0.0 290.4 295.0 307.1 307.9
-60 -55   0.0   0.0   0.0   0.0   0.0   0.0   0.0 325.1 343.4 333.1 329.9 313.3
-55 -50   0.0   0.0   0.0   0.0   0.0   0.0 325.7 347.5 357.9 352.1 336.3 309.7
-50 -45   0.0   0.0   0.0   0.0   0.0   0.0 330.5 349.8 356.6 351.9 333.3 301.1
-45 -40   0.0   0.0   0.0   0.0   0.0   0.0 326.6 341.3 346.8 344.4 323.2 294.4
-40 -35   0.0   0.0   0.0   0.0   0.0   0.0 314.3 323.9 333.9 332.1 310.8 290.9
-35 -30   0.0   0.0   0.0   0.0   0.0   0.0 294.9 301.6 314.1 315.9 298.0 285.3
-30 -25   0.0   0.0   0.0   0.0   0.0   0.0 277.9 282.2 293.2 298.6 287.6 276.2
-25 -20   0.0   0.0   0.0   0.0   0.0   0.0 265.5 271.5 278.0 284.9 279.1 269.5
-20 -15   0.0   0.0   0.0   0.0   0.0   0.0 257.8 266.0 269.6 276.6 271.9 265.2
-15 -10   0.0   0.0   0.0   0.0   0.0   0.0 254.9 261.8 264.7 268.9 263.6 259.8
-10  -5   0.0   0.0   0.0   0.0   0.0   0.0 254.3 258.6 261.3 263.7 256.1 252.8
 -5   0   0.0   0.0   0.0   0.0   0.0   0.0 259.0 260.4 261.6 260.8 251.1 246.7
  0   5   0.0   0.0   0.0   0.0   0.0   0.0 262.6 262.6 262.4 259.6 249.0 244.3
  5  10   0.0   0.0   0.0   0.0   0.0   0.0 264.5 263.9 263.4 260.4 250.1 244.0
 10  15   0.0   0.0   0.0   0.0   0.0   0.0 267.6 267.7 266.1 261.5 252.2 244.7
 15  20   0.0   0.0   0.0   0.0   0.0   0.0 271.6 271.4 268.4 262.8 253.5 246.6
 20  25   0.0   0.0   0.0   0.0   0.0   0.0 277.4 275.5 271.0 265.0 257.2 252.2
 25  30   0.0   0.0   0.0   0.0   0.0   0.0 283.4 279.9 274.2 268.0 264.1 264.8
 30  35   0.0   0.0   0.0   0.0   0.0   0.0 288.7 283.7 277.8 272.5 275.2 284.6
 35  40   0.0   0.0   0.0   0.0   0.0   0.0 294.3 287.8 282.0 278.8 289.0 310.2
 40  45   0.0   0.0   0.0   0.0   0.0   0.0 303.9 294.8 288.1 286.3 303.0 328.7
 45  50   0.0   0.0   0.0   0.0   0.0   0.0 315.6 302.6 295.3 294.3 312.7 338.8
 50  55   0.0   0.0   0.0   0.0   0.0   0.0 322.7 306.6 299.5 299.9 317.9 341.3
 55  60   0.0   0.0   0.0   0.0   0.0   0.0 322.8 304.8 298.7 301.9 320.3 336.6
 60  65   0.0   0.0   0.0   0.0   0.0   0.0 318.6 301.5 295.8 301.0 320.3   0.0
 65  70   0.0   0.0   0.0   0.0   0.0   0.0 310.4 297.0 289.9 296.1   0.0   0.0
 70  75   0.0   0.0   0.0   0.0   0.0   0.0 304.9 291.1 285.1   0.0   0.0   0.0
 75  80   0.0   0.0   0.0   0.0   0.0   0.0 301.7 282.8 281.3   0.0   0.0   0.0
 80  85   0.0   0.0   0.0   0.0   0.0   0.0 297.6 277.9   0.0   0.0   0.0   0.0
 85  90   0.0   0.0   0.0   0.0   0.0   0.0   0.0   0.0   0.0   0.0   0.0   0.0
1996 GTO-ECV_CCI_OMI_ext Melanie.Coldewey-Egbers@dlr.de
        Jan   Feb   Mar   Apr   May   Jun   Jul   Aug   Sep   Oct   Nov   Dec
-90 -85   0.0   0.0   0.0   0.0   0.0   0.0   0.0   0.0   0.0   0.0   0.0   0.0
-85 -80 276.6 256.6   0.0   0.0   0.0   0.0   0.0   0.0   0.0 153.9 198.4 284.3
-80 -75 279.6 263.1 265.9   0.0   0.0   0.0   0.0   0.0   0.0 173.8 217.8 286.8
-75 -70 284.9 274.1 273.2   0.0   0.0   0.0   0.0   0.0   0.0 206.2 241.6 293.6
-70 -65 293.1 284.7 283.2   0.0   0.0   0.0   0.0   0.0 231.0 255.0 271.5 303.7
-65 -60 300.7 291.6 289.7 288.0   0.0   0.0   0.0   0.0 284.9 312.6 305.6 312.6
-60 -55 303.2 292.4 291.5 296.9 305.2   0.0   0.0 330.1 334.8 349.8 329.8 317.3
-55 -50 298.5 287.3 283.0 292.9 304.8 320.5 333.3 359.4 363.0 362.3 341.3 317.2
-50 -45 288.4 280.7 275.1 283.5 296.8 323.2 339.5 365.7 369.4 360.2 341.2 311.2
-45 -40 278.7 274.7 270.8 275.3 289.1 317.7 338.2 357.3 361.9 349.5 331.1 301.1
-40 -35 273.9 271.0 267.9 269.5 279.9 305.8 326.9 339.1 344.7 335.6 319.2 292.3
-35 -30 272.3 266.7 263.8 264.5 271.5 290.3 305.2 314.0 322.3 319.7 307.1 284.7
-30 -25 267.7 262.0 258.7 260.0 263.7 276.0 284.8 291.2 301.8 303.3 295.8 279.1
-25 -20 262.8 258.7 255.2 256.2 258.0 264.5 272.0 275.9 286.2 289.2 284.8 273.8
-20 -15 260.6 257.2 254.3 252.8 253.4 255.1 261.4 267.4 274.0 279.7 275.4 268.8
-15 -10 257.1 255.3 253.3 251.5 250.1 249.3 254.5 260.5 266.3 272.2 267.8 264.2
-10  -5 251.2 250.9 250.5 249.5 248.2 245.8 250.5 256.6 261.9 266.5 261.8 259.9
 -5   0 246.4 247.7 249.5 249.3 248.0 245.7 250.5 256.2 259.8 262.5 257.7 256.7
  0   5 243.4 246.0 250.0 251.9 251.2 249.9 255.5 259.1 260.1 259.7 253.9 252.6
  5  10 242.9 246.4 252.7 257.7 259.7 259.1 264.3 265.9 263.3 259.6 251.3 246.3
 10  15 245.4 250.3 259.0 266.1 269.2 270.3 273.5 272.9 269.1 262.8 251.1 241.4
 15  20 249.0 256.6 267.3 275.4 278.0 279.4 278.9 275.3 271.6 264.3 251.4 240.9
 20  25 257.5 268.6 277.8 285.7 286.6 287.2 282.9 277.3 272.7 265.4 253.4 245.6
 25  30 272.2 286.8 292.1 298.2 297.0 294.6 287.0 280.3 274.7 267.6 257.0 253.8
 30  35 295.9 313.2 315.3 316.0 311.4 301.7 291.3 284.5 279.0 272.5 263.9 269.3
 35  40 324.6 345.0 343.6 342.0 331.5 313.6 297.9 289.9 286.6 280.0 276.5 291.7
 40  45 349.4 368.1 368.5 366.2 352.4 327.7 307.8 295.5 296.9 288.7 292.8 314.1
 45  50 367.0 381.9 385.4 380.6 365.2 339.4 319.6 301.9 304.3 297.7 306.4 331.5
 50  55 370.7 388.2 393.9 384.3 372.6 346.7 327.2 306.6 304.1 304.0 315.7 345.8
 55  60 367.7 387.0 394.2 384.4 375.7 348.4 329.1 309.2 301.3 307.0 323.5 357.6
 60  65   0.0 377.0 387.8 386.8 376.3 344.9 324.0 308.6 297.3 307.1 326.3   0.0
 65  70   0.0 361.3 378.5 392.4 373.5 338.3 315.0 304.4 291.6 304.0   0.0   0.0
 70  75   0.0   0.0 372.2 400.7 371.0 338.9 312.2 299.4 288.8   0.0   0.0   0.0
 75  80   0.0   0.0 362.1 404.0 372.4 340.5 313.0 294.9 284.3   0.0   0.0   0.0
 80  85   0.0   0.0   0.0 405.4 372.5 337.5 315.1 292.6   0.0   0.0   0.0   0.0
 85  90   0.0   0.0   0.0   0.0   0.0   0.0   0.0   0.0   0.0   0.0   0.0   0.0
1997 GTO-ECV_CCI_OMI_ext Melanie.Coldewey-Egbers@dlr.de
        Jan   Feb   Mar   Apr   May   Jun   Jul   Aug   Sep   Oct   Nov   Dec
-90 -85   0.0   0.0   0.0   0.0   0.0   0.0   0.0   0.0   0.0   0.0   0.0   0.0
-85 -80 282.6 271.9   0.0   0.0   0.0   0.0   0.0   0.0   0.0 152.4 225.3 281.8
-80 -75 285.0 274.6 273.1   0.0   0.0   0.0   0.0   0.0   0.0 167.5 238.6 284.2
-75 -70 292.9 281.8 284.2   0.0   0.0   0.0   0.0   0.0   0.0 198.8 261.0 288.9
-70 -65 302.2 291.6 294.2   0.0   0.0   0.0   0.0   0.0 245.8 240.0 286.8 297.5
-65 -60 311.8 299.0 297.8 300.2   0.0   0.0   0.0   0.0 292.1 286.6 308.8 306.1
-60 -55 312.8 300.9 295.6 301.3 301.6   0.0   0.0 315.5 327.0 328.0 322.8 312.5
-55 -50 305.9 294.6 285.3 290.1 297.2 306.7 310.2 330.4 340.8 346.2 328.0 312.2
-50 -45 293.3 285.2 276.3 278.5 289.8 302.9 309.9 329.7 340.2 343.3 324.4 304.9
-45 -40 281.3 276.9 271.4 271.7 282.2 295.0 304.4 321.3 333.8 332.7 317.1 296.6
-40 -35 272.5 269.8 267.1 266.6 273.0 283.0 293.5 308.7 322.6 320.3 306.4 290.1
-35 -30 265.7 263.9 264.2 261.8 263.1 269.3 277.3 291.0 305.0 305.3 293.5 283.6
-30 -25 261.4 260.4 260.8 257.1 254.4 254.9 261.9 271.7 286.2 290.6 282.6 275.3
-25 -20 260.4 259.5 258.3 253.4 248.4 246.8 252.6 259.2 273.1 279.8 273.3 266.2
-20 -15 259.2 258.5 258.1 252.8 246.7 245.0 250.2 253.0 266.3 272.5 268.6 260.2
-15 -10 257.6 258.2 259.4 255.5 249.6 248.3 253.1 254.1 264.3 268.7 265.5 256.4
-10  -5 256.7 258.5 261.7 261.1 256.5 257.1 260.5 261.4 266.3 267.1 260.8 250.6
 -5   0 256.6 259.1 264.3 266.4 262.8 265.5 269.0 268.8 270.2 266.4 256.2 246.1
  0   5 253.9 257.3 263.5 267.4 265.2 268.2 272.5 272.9 272.0 265.7 253.4 244.1
  5  10 246.4 250.0 257.2 265.1 265.7 268.9 274.1 274.8 272.4 265.8 253.4 243.4
 10  15 239.9 242.2 252.6 265.0 268.1 271.1 277.1 276.1 272.3 265.7 254.3 245.8
 15  20 238.1 241.7 254.8 268.5 272.7 273.8 279.2 276.0 271.0 265.3 256.0 249.6
 20  25 242.9 249.9 263.6 277.9 280.6 279.7 281.9 276.7 271.6 267.9 259.4 254.5
 25  30 258.8 266.2 281.4 291.9 291.9 288.3 286.5 280.8 275.6 274.3 267.9 264.9
 30  35 285.4 291.2 304.7 310.3 305.5 299.8 293.2 286.5 281.5 280.9 279.7 284.3
 35  40 320.9 325.5 329.4 334.3 321.7 315.3 301.6 292.7 287.4 288.0 291.8 309.2
 40  45 351.1 353.1 354.0 357.3 338.7 332.8 312.9 299.6 294.5 296.2 304.4 330.4
 45  50 367.2 374.7 376.8 373.8 353.4 346.6 325.8 308.3 301.9 302.3 314.4 345.2
 50  55 375.1 393.7 395.2 381.1 363.9 351.4 332.7 314.3 306.0 304.6 319.8 355.3
 55  60 380.8 404.0 403.4 384.6 372.9 350.6 332.5 313.4 305.1 304.4 322.3 362.5
 60  65   0.0 400.0 396.1 384.6 379.4 346.2 326.0 308.7 299.7 303.3 321.6   0.0
 65  70   0.0 384.9 375.1 375.2 381.5 341.0 317.4 302.4 294.5 299.4   0.0   0.0
 70  75   0.0   0.0 343.9 363.2 380.5 341.0 313.0 297.2 292.4   0.0   0.0   0.0
 75  80   0.0   0.0 311.2 349.3 384.4 338.8 310.0 293.0 290.4   0.0   0.0   0.0
 80  85   0.0   0.0   0.0 334.2 385.8 332.2 305.3 291.4   0.0   0.0   0.0   0.0
 85  90   0.0   0.0   0.0   0.0   0.0   0.0   0.0   0.0   0.0   0.0   0.0   0.0
1998 GTO-ECV_CCI_OMI_ext Melanie.Coldewey-Egbers@dlr.de
        Jan   Feb   Mar   Apr   May   Jun   Jul   Aug   Sep   Oct   Nov   Dec
-90 -85   0.0   0.0   0.0   0.0   0.0   0.0   0.0   0.0   0.0   0.0   0.0   0.0
-85 -80 269.1 268.0   0.0   0.0   0.0   0.0   0.0   0.0   0.0 140.1 175.4 256.4
-80 -75 271.7 273.7 283.2   0.0   0.0   0.0   0.0   0.0   0.0 150.7 192.1 263.9
-75 -70 279.0 284.0 287.3   0.0   0.0   0.0   0.0   0.0   0.0 180.0 221.8 274.8
-70 -65 291.0 291.9 291.0   0.0   0.0   0.0   0.0   0.0 206.4 227.0 265.4 288.2
-65 -60 303.2 297.0 292.5 292.4   0.0   0.0   0.0   0.0 263.3 286.9 308.1 302.6
-60 -55 307.8 297.5 292.4 296.8 305.9   0.0   0.0 320.4 319.3 335.1 334.8 310.9
-55 -50 303.3 292.0 285.9 291.9 311.5 330.7 332.7 341.1 345.2 354.4 341.0 310.0
-50 -45 293.4 283.7 278.0 283.5 308.1 325.7 334.7 345.2 352.6 353.5 334.8 302.1
-45 -40 284.5 276.3 274.0 277.2 298.5 317.0 330.4 340.4 350.1 344.2 325.6 294.3
-40 -35 279.2 272.2 271.1 272.0 285.5 304.2 318.9 326.7 339.2 333.0 315.5 289.3
-35 -30 273.5 267.2 267.1 267.1 272.1 287.4 303.3 308.9 321.2 319.2 304.3 284.4
-30 -25 265.1 259.1 259.1 259.4 263.0 271.5 286.4 293.2 304.7 304.4 294.9 279.5
-25 -20 257.0 252.0 251.6 252.3 255.1 261.6 272.1 283.0 292.1 291.9 285.6 275.1
-20 -15 251.4 249.0 249.1 248.9 251.1 255.7 263.8 273.5 280.8 282.0 277.6 271.7
-15 -10 248.4 248.2 249.0 249.0 249.6 251.1 258.4 266.7 273.8 275.6 271.6 268.6
-10  -5 244.3 246.3 247.9 248.0 248.5 249.7 257.1 264.4 272.2 272.6 267.9 266.3
 -5   0 240.3 243.9 246.7 247.7 249.0 250.6 258.5 265.7 272.4 271.2 266.0 264.9
  0   5 238.4 242.2 246.7 250.0 252.3 254.9 262.6 268.3 272.0 268.1 261.8 261.4
  5  10 236.3 240.5 248.1 255.7 260.7 263.6 269.9 272.7 272.5 265.3 255.8 254.7
 10  15 238.4 244.3 254.3 264.6 270.1 273.7 277.8 278.8 276.0 266.4 251.9 247.9
 15  20 245.7 251.6 261.9 274.7 279.5 281.7 283.7 282.0 278.1 266.7 250.1 243.8
 20  25 256.0 261.3 273.1 288.7 292.1 289.4 288.3 285.0 278.9 267.4 252.1 244.5
 25  30 271.8 277.9 293.4 305.7 307.6 297.6 292.3 289.3 280.8 270.3 257.3 251.8
 30  35 296.2 307.0 323.9 325.4 324.7 308.8 297.5 294.7 285.7 275.4 265.3 266.5
 35  40 328.6 343.0 358.6 347.7 342.5 323.4 305.0 300.3 291.5 283.0 279.0 289.4
 40  45 360.4 371.8 384.7 370.0 358.4 342.2 317.3 308.0 298.2 293.1 299.7 315.6
 45  50 383.4 394.4 403.1 391.4 373.2 357.2 330.9 315.1 305.9 302.5 322.5 340.4
 50  55 394.0 410.0 417.6 409.0 385.5 365.6 341.7 321.1 310.5 310.4 338.0 361.7
 55  60 397.7 420.2 427.3 421.5 397.2 368.2 344.8 326.4 313.5 316.6 344.5 377.1
 60  65   0.0 430.2 432.6 430.3 403.1 363.9 341.2 325.1 313.4 320.5 344.5   0.0
 65  70   0.0 432.3 434.4 437.9 400.0 354.8 332.3 317.4 311.3 318.6   0.0   0.0
 70  75   0.0   0.0 432.7 439.9 398.5 355.4 327.5 308.3 310.1   0.0   0.0   0.0
 75  80   0.0   0.0 430.9 438.3 406.7 359.2 329.5 300.9 305.8   0.0   0.0   0.0
 80  85   0.0   0.0   0.0 439.8 413.2 360.7 335.8 297.3   0.0   0.0   0.0   0.0
 85  90   0.0   0.0   0.0   0.0   0.0   0.0   0.0   0.0   0.0   0.0   0.0   0.0
1999 GTO-ECV_CCI_OMI_ext Melanie.Coldewey-Egbers@dlr.de
        Jan   Feb   Mar   Apr   May   Jun   Jul   Aug   Sep   Oct   Nov   Dec
-90 -85   0.0   0.0   0.0   0.0   0.0   0.0   0.0   0.0   0.0   0.0   0.0   0.0
-85 -80 266.5 260.8   0.0   0.0   0.0   0.0   0.0   0.0   0.0 144.3 178.8 263.3
-80 -75 273.5 267.9 268.8   0.0   0.0   0.0   0.0   0.0   0.0 157.5 193.4 270.1
-75 -70 283.5 278.8 276.4   0.0   0.0   0.0   0.0   0.0   0.0 185.4 222.4 279.4
-70 -65 295.4 288.9 284.4   0.0   0.0   0.0   0.0   0.0 211.8 231.6 265.9 291.3
-65 -60 304.7 295.0 289.5 293.6   0.0   0.0   0.0   0.0 271.6 290.2 308.7 302.2
-60 -55 305.6 296.2 292.7 296.1 308.8   0.0   0.0 318.4 327.5 337.1 332.7 309.8
-55 -50 297.1 288.6 286.3 288.9 306.8 321.2 324.0 337.8 348.4 352.6 338.9 309.8
-50 -45 286.5 278.8 277.0 279.0 295.8 314.5 321.2 339.9 347.5 350.5 333.7 302.9
-45 -40 279.3 272.8 270.4 271.8 283.3 302.3 316.3 334.6 341.0 341.9 324.5 295.7
-40 -35 274.1 269.2 267.1 267.2 274.5 288.6 306.4 321.6 330.2 330.9 314.7 289.8
-35 -30 269.4 265.7 263.7 263.6 266.8 275.6 290.7 302.0 314.5 316.6 304.4 284.4
-30 -25 266.5 262.6 258.7 258.1 260.3 263.7 275.4 282.9 297.6 300.9 293.0 278.1
-25 -20 265.9 261.7 255.4 253.2 254.9 255.4 264.4 270.4 284.4 289.5 283.3 271.7
-20 -15 265.6 262.3 255.6 252.6 252.3 252.0 258.7 264.0 275.2 282.0 276.3 267.7
-15 -10 264.4 263.1 257.9 256.8 254.8 253.2 258.6 261.6 270.0 276.5 270.8 264.6
-10  -5 263.3 263.7 260.5 261.1 262.5 260.8 265.4 268.5 273.5 273.0 265.4 259.8
 -5   0 262.9 264.3 262.9 265.4 268.1 269.0 273.6 275.8 278.0 271.9 261.9 255.4
  0   5 259.9 262.8 262.7 266.7 270.4 272.7 277.0 279.0 279.1 270.8 260.5 253.8
  5  10 252.5 256.2 257.8 265.6 272.6 274.1 277.7 279.5 278.9 270.9 261.0 253.8
 10  15 245.0 248.1 254.3 266.0 275.6 277.4 280.3 280.9 279.6 271.5 261.3 255.2
 15  20 242.4 245.0 255.1 269.9 279.5 281.5 282.7 282.5 279.6 271.5 261.6 257.0
 20  25 245.9 249.4 260.2 276.7 287.0 286.1 286.0 284.7 280.7 273.2 265.2 259.8
 25  30 255.8 261.6 271.4 287.1 297.8 292.0 291.0 289.0 283.1 275.9 270.5 267.5
 30  35 275.0 285.0 293.7 307.3 312.5 301.9 297.3 294.3 286.5 277.8 278.0 282.5
 35  40 303.3 316.8 323.8 337.4 332.4 314.5 304.2 298.4 290.3 281.6 287.8 303.8
 40  45 331.7 350.4 361.0 365.6 354.6 331.2 312.3 302.4 295.4 290.0 299.8 326.0
 45  50 358.5 380.6 398.6 384.6 370.4 346.3 322.5 308.4 302.1 302.9 310.9 344.8
 50  55 379.6 401.0 424.6 398.8 378.5 356.1 331.6 316.5 307.6 313.5 322.4 359.9
 55  60 395.2 415.4 437.1 410.1 383.3 359.1 335.6 319.1 308.4 319.3 332.4 368.0
 60  65   0.0 430.2 445.5 416.4 386.9 354.4 333.2 315.2 305.9 319.0 331.4   0.0
 65  70   0.0 437.5 455.0 425.3 388.1 345.3 326.3 306.1 299.2 312.5   0.0   0.0
 70  75   0.0   0.0 462.2 433.7 388.1 344.1 321.8 298.2 295.0   0.0   0.0   0.0
 75  80   0.0   0.0 460.7 436.1 392.8 346.1 315.8 291.9 288.1   0.0   0.0   0.0
 80  85   0.0   0.0   0.0 441.7 393.2 350.8 308.1 286.0   0.0   0.0   0.0   0.0
 85  90   0.0   0.0   0.0   0.0   0.0   0.0   0.0   0.0   0.0   0.0   0.0   0.0
2000 GTO-ECV_CCI_OMI_ext Melanie.Coldewey-Egbers@dlr.de
        Jan   Feb   Mar   Apr   May   Jun   Jul   Aug   Sep   Oct   Nov   Dec
-90 -85   0.0   0.0   0.0   0.0   0.0   0.0   0.0   0.0   0.0   0.0   0.0   0.0
-85 -80 271.5 268.5   0.0   0.0   0.0   0.0   0.0   0.0   0.0 200.9 296.5 306.0
-80 -75 273.3 270.7 266.9   0.0   0.0   0.0   0.0   0.0   0.0 218.3 299.8 303.1
-75 -70 283.2 278.0 278.6   0.0   0.0   0.0   0.0   0.0   0.0 248.0 304.7 304.5
-70 -65 295.3 287.2 288.5   0.0   0.0   0.0   0.0   0.0 202.7 282.0 314.5 313.3
-65 -60 301.8 295.7 294.8 297.2   0.0   0.0   0.0   0.0 261.9 318.0 326.7 319.7
-60 -55 300.8 297.4 296.7 298.3 299.7   0.0   0.0 302.0 321.9 343.4 336.2 323.4
-55 -50 293.4 289.8 287.8 288.5 295.4 308.7 319.5 326.9 353.1 354.5 340.5 320.8
-50 -45 285.4 280.2 275.1 277.2 290.5 310.2 324.6 338.5 360.4 353.8 336.1 309.9
-45 -40 280.2 272.9 268.1 270.4 285.4 307.8 328.5 342.9 353.6 345.9 324.3 296.0
-40 -35 276.9 268.7 264.9 266.9 278.8 298.9 321.3 335.0 338.3 333.4 310.6 286.4
-35 -30 272.9 265.2 262.8 267.3 273.0 285.3 305.8 317.0 320.5 318.3 299.2 280.0
-30 -25 268.9 261.5 260.2 264.5 266.4 274.7 289.4 297.7 303.1 303.4 290.2 272.8
-25 -20 265.7 259.8 258.2 260.0 261.9 269.5 278.5 283.9 290.7 292.1 283.2 267.9
-20 -15 264.6 260.3 259.4 258.9 261.2 265.7 272.3 275.5 284.3 284.7 276.6 266.9
-15 -10 263.3 260.6 260.7 259.7 259.4 260.3 264.9 269.5 275.2 273.8 266.7 261.5
-10  -5 260.1 259.4 260.4 259.4 258.4 257.2 258.9 264.6 267.4 262.2 255.8 252.5
 -5   0 256.3 257.9 260.2 260.4 259.1 258.9 259.9 264.4 264.2 254.5 246.8 243.3
  0   5 253.8 256.4 260.0 262.3 261.6 262.4 264.2 266.9 264.4 251.9 243.1 239.4
  5  10 253.2 256.3 260.7 266.1 269.1 269.8 270.4 271.8 268.0 255.6 246.4 241.6
 10  15 256.5 260.7 265.6 273.5 277.0 276.9 276.8 278.4 273.6 261.9 251.7 244.8
 15  20 259.5 265.4 271.1 280.0 282.7 281.7 281.0 281.8 276.1 265.0 253.9 247.4
 20  25 262.7 271.3 278.5 289.0 289.7 287.3 286.7 285.3 278.3 267.9 255.9 252.8
 25  30 275.3 281.5 291.4 300.0 299.5 292.9 291.9 289.3 280.7 269.4 257.8 259.6
 30  35 297.6 302.5 315.0 315.6 310.3 298.3 296.0 293.1 283.5 271.1 263.6 271.6
 35  40 326.0 337.2 346.0 337.3 326.4 308.0 300.8 297.1 287.2 276.1 276.4 297.8
 40  45 350.1 367.8 371.7 359.5 346.6 322.8 308.9 301.3 292.9 287.5 296.6 330.1
 45  50 366.6 386.6 387.8 374.8 361.9 338.2 318.9 306.1 298.4 300.5 317.7 356.5
 50  55 375.1 396.0 395.6 383.6 374.1 349.6 325.9 309.9 302.2 309.3 330.7 373.2
 55  60 380.0 401.8 399.8 390.5 379.0 354.1 323.8 311.8 303.2 314.0 335.2 381.7
 60  65   0.0 398.7 399.9 394.3 379.7 351.3 316.6 308.8 301.1 313.5 335.3   0.0
 65  70   0.0 386.7 396.1 397.1 376.1 345.5 311.0 300.6 294.3 306.4   0.0   0.0
 70  75   0.0   0.0 393.3 399.8 375.3 345.0 309.6 293.4 288.1   0.0   0.0   0.0
 75  80   0.0   0.0 382.4 405.9 379.5 344.9 312.8 286.9 280.4   0.0   0.0   0.0
 80  85   0.0   0.0   0.0 407.3 376.3 341.7 314.6 283.0   0.0   0.0   0.0   0.0
 85  90   0.0   0.0   0.0   0.0   0.0   0.0   0.0   0.0   0.0   0.0   0.0   0.0
2001 GTO-ECV_CCI_OMI_ext Melanie.Coldewey-Egbers@dlr.de
        Jan   Feb   Mar   Apr   May   Jun   Jul   Aug   Sep   Oct   Nov   Dec
-90 -85   0.0   0.0   0.0   0.0   0.0   0.0   0.0   0.0   0.0   0.0   0.0   0.0
-85 -80 283.1 244.6   0.0   0.0   0.0   0.0   0.0   0.0   0.0 154.6 183.5 251.0
-80 -75 281.8 260.1 268.8   0.0   0.0   0.0   0.0   0.0   0.0 169.8 198.9 260.5
-75 -70 287.1 274.9 276.5   0.0   0.0   0.0   0.0   0.0   0.0 197.3 227.9 275.2
-70 -65 299.4 286.3 288.4   0.0   0.0   0.0   0.0   0.0 200.7 239.5 268.0 290.8
-65 -60 309.2 296.8 297.3 296.0   0.0   0.0   0.0   0.0 260.8 287.8 307.2 304.0
-60 -55 313.6 298.7 299.8 301.2 311.3   0.0   0.0 311.5 321.8 329.7 333.9 310.7
-55 -50 308.7 291.9 291.9 295.0 311.4 329.9 330.7 335.4 348.0 347.7 341.7 309.5
-50 -45 298.5 281.4 280.9 285.4 301.1 326.8 336.5 341.7 351.4 351.2 338.1 304.0
-45 -40 288.2 273.0 272.1 276.1 289.9 315.6 333.7 338.2 346.7 345.1 330.1 299.1
-40 -35 280.2 268.2 268.4 269.4 279.9 303.1 322.3 328.0 337.8 335.1 320.4 296.2
-35 -30 274.3 263.7 265.2 267.1 272.7 287.4 302.8 311.9 323.5 322.3 309.6 290.4
-30 -25 268.6 258.8 260.7 265.1 267.8 273.1 284.7 294.7 305.0 307.6 298.5 282.9
-25 -20 263.5 255.6 258.8 261.5 263.0 264.1 270.5 279.9 288.2 293.3 287.4 276.9
-20 -15 262.8 254.1 258.1 258.6 257.7 257.1 258.8 267.7 276.2 280.4 277.8 272.7
-15 -10 259.9 252.8 255.7 256.1 253.2 251.2 252.7 259.2 269.8 272.7 272.8 269.2
-10  -5 252.9 246.7 251.5 252.0 249.3 248.4 251.4 258.0 268.4 270.1 269.0 266.4
 -5   0 244.5 240.0 248.0 249.2 247.5 250.0 254.5 262.2 270.8 269.8 267.2 264.5
  0   5 239.9 237.6 248.3 251.9 251.6 255.6 259.8 266.1 271.0 267.3 263.5 260.9
  5  10 241.0 239.8 253.6 261.4 262.7 265.3 268.0 271.0 271.6 265.0 258.2 253.1
 10  15 244.9 245.9 261.6 272.5 274.5 276.0 277.2 277.8 275.0 265.2 254.9 245.2
 15  20 250.4 253.0 269.7 281.9 284.1 284.1 283.7 282.2 276.2 265.0 252.7 240.8
 20  25 257.8 262.5 278.8 291.5 293.6 290.4 288.8 285.6 276.3 265.5 252.9 242.2
 25  30 267.7 273.2 291.0 305.1 304.8 296.9 293.9 290.1 278.0 268.0 257.2 250.5
 30  35 286.1 295.0 312.2 321.8 319.0 304.1 297.9 294.3 281.3 273.0 268.6 268.6
 35  40 315.1 323.2 342.3 342.0 337.3 317.6 304.1 298.6 286.8 281.3 284.0 296.5
 40  45 347.0 352.8 370.7 365.5 357.6 335.5 314.5 304.1 293.1 290.1 298.2 322.3
 45  50 369.8 378.4 395.2 387.6 372.3 349.7 325.8 310.1 300.3 299.8 308.5 338.8
 50  55 381.6 394.2 413.9 401.2 378.6 357.1 332.5 315.2 306.8 310.3 316.5 350.5
 55  60 391.0 405.2 425.4 410.1 382.0 357.9 334.6 316.5 308.7 316.4 322.6 357.3
 60  65   0.0 416.5 434.1 417.2 386.8 353.6 329.5 312.5 306.9 315.0 324.8   0.0
 65  70   0.0 431.7 441.2 424.6 390.8 345.0 321.0 305.2 303.1 305.6   0.0   0.0
 70  75   0.0   0.0 449.4 432.4 393.1 344.4 315.9 297.6 297.5   0.0   0.0   0.0
 75  80   0.0   0.0 455.5 434.8 400.8 347.7 315.5 293.8 290.6   0.0   0.0   0.0
 80  85   0.0   0.0   0.0 432.2 403.6 351.8 314.6 293.7   0.0   0.0   0.0   0.0
 85  90   0.0   0.0   0.0   0.0   0.0   0.0   0.0   0.0   0.0   0.0   0.0   0.0
2002 GTO-ECV_CCI_OMI_ext Melanie.Coldewey-Egbers@dlr.de
        Jan   Feb   Mar   Apr   May   Jun   Jul   Aug   Sep   Oct   Nov   Dec
-90 -85   0.0   0.0   0.0   0.0   0.0   0.0   0.0   0.0   0.0   0.0   0.0   0.0
-85 -80 273.8 266.3   0.0   0.0   0.0   0.0   0.0   0.0   0.0 239.4 347.4 313.7
-80 -75 277.0 270.2 267.6   0.0   0.0   0.0   0.0   0.0   0.0 260.7 339.1 310.4
-75 -70 285.3 280.1 273.6   0.0   0.0   0.0   0.0   0.0   0.0 295.3 336.3 312.0
-70 -65 295.6 289.2 285.4   0.0   0.0   0.0   0.0   0.0 299.6 330.2 339.5 322.7
-65 -60 302.3 293.7 293.3 298.1   0.0   0.0   0.0   0.0 329.2 354.2 340.8 329.1
-60 -55 301.8 292.2 297.1 300.4 313.5   0.0   0.0 342.5 351.2 369.2 344.4 330.4
-55 -50 296.1 288.3 291.2 292.0 315.8 326.3 344.6 359.7 363.2 373.6 344.1 325.3
-50 -45 290.2 284.2 282.9 282.4 308.1 323.7 343.9 359.9 359.2 365.9 336.3 316.5
-45 -40 284.8 279.8 276.7 277.5 297.0 315.3 333.5 348.5 347.5 350.5 324.5 306.0
-40 -35 280.7 275.9 271.9 273.9 283.1 299.4 314.2 327.0 332.0 331.2 311.4 298.3
-35 -30 276.4 270.4 266.6 267.4 269.7 280.0 290.5 301.6 313.3 311.8 300.4 289.9
-30 -25 271.1 265.3 261.5 260.3 257.5 265.1 271.7 283.1 295.2 295.3 291.3 280.5
-25 -20 268.0 263.6 259.7 254.9 250.1 257.0 262.6 271.1 281.0 284.1 281.3 272.5
-20 -15 267.2 264.4 259.7 253.9 249.4 254.1 258.3 263.0 271.9 273.9 272.0 266.1
-15 -10 265.7 265.0 261.4 257.3 252.3 252.4 254.2 258.3 263.4 266.6 265.6 260.3
-10  -5 264.8 266.0 263.8 261.3 258.0 257.3 256.4 261.3 264.8 264.7 260.7 254.0
 -5   0 263.9 266.5 266.5 264.9 263.5 264.0 264.1 267.8 268.9 263.4 256.7 249.4
  0   5 260.2 264.2 266.3 266.0 266.1 267.9 269.2 271.9 270.6 262.6 255.3 247.5
  5  10 251.8 256.9 260.4 264.2 267.9 271.4 272.2 274.6 271.2 263.4 257.2 247.7
 10  15 243.8 249.4 255.6 263.3 270.7 276.0 274.7 276.6 271.7 264.3 258.7 248.5
 15  20 240.3 246.5 255.5 267.7 276.0 280.4 277.7 278.0 271.4 264.5 258.6 248.9
 20  25 242.9 249.5 261.5 277.7 283.7 287.0 283.6 281.5 272.3 267.1 259.3 252.1
 25  30 253.9 260.0 276.5 293.0 295.5 295.2 288.9 286.3 275.6 271.7 263.9 264.2
 30  35 274.2 278.6 298.6 311.2 311.4 304.1 294.8 292.3 282.6 276.4 274.2 286.4
 35  40 303.6 307.0 326.7 331.3 332.6 318.8 304.0 299.5 289.5 283.3 292.0 315.8
 40  45 332.4 337.8 356.8 352.0 353.5 337.6 315.3 305.9 296.3 294.1 310.4 342.2
 45  50 355.0 363.2 382.0 373.5 368.8 350.8 323.8 313.6 302.3 305.1 328.4 360.0
 50  55 371.5 386.6 402.6 391.7 377.7 356.7 329.6 318.8 306.2 314.4 334.3 366.0
 55  60 386.3 404.0 414.8 401.2 379.8 356.5 331.7 317.1 305.8 314.4 331.0 363.7
 60  65   0.0 418.2 420.8 407.1 380.0 352.6 328.4 312.8 303.0 308.4 320.1   0.0
 65  70   0.0 432.0 425.0 414.6 378.0 342.0 322.2 304.4 296.7 294.4   0.0   0.0
 70  75   0.0   0.0 430.9 422.7 380.3 342.4 318.1 297.1 290.1   0.0   0.0   0.0
 75  80   0.0   0.0 435.8 427.1 389.3 346.8 319.0 289.6 282.6   0.0   0.0   0.0
 80  85   0.0   0.0   0.0 426.9 388.7 350.6 319.6 284.1   0.0   0.0   0.0   0.0
 85  90   0.0   0.0   0.0   0.0   0.0   0.0   0.0   0.0   0.0   0.0   0.0   0.0
2003 GTO-ECV_CCI_OMI_ext Melanie.Coldewey-Egbers@dlr.de
        Jan   Feb   Mar   Apr   May   Jun   Jul   Aug   Sep   Oct   Nov   Dec
-90 -85   0.0   0.0   0.0   0.0   0.0   0.0   0.0   0.0   0.0   0.0   0.0   0.0
-85 -80 278.1 250.0   0.0   0.0   0.0   0.0   0.0   0.0   0.0 165.0 238.0 293.4
-80 -75 277.6 258.4 263.1   0.0   0.0   0.0   0.0   0.0   0.0 182.6 251.2 293.2
-75 -70 282.8 278.8 277.2   0.0   0.0   0.0   0.0   0.0   0.0 215.1 273.9 300.1
-70 -65 298.9 296.3 288.3   0.0   0.0   0.0   0.0   0.0 197.4 268.4 306.0 311.0
-65 -60 310.4 307.3 295.3 293.7   0.0   0.0   0.0   0.0 254.0 311.1 331.0 321.5
-60 -55 316.0 309.4 298.9 301.4 305.9   0.0   0.0 303.4 316.9 340.7 342.3 326.0
-55 -50 312.7 300.7 291.3 297.9 308.4 312.8 317.3 327.2 351.6 357.0 343.9 324.3
-50 -45 303.4 289.8 280.1 290.8 300.5 312.5 324.8 340.0 358.1 357.5 336.8 317.4
-45 -40 291.2 281.1 273.8 280.9 288.9 307.7 326.3 343.0 352.7 347.4 326.8 305.6
-40 -35 282.6 276.3 270.9 271.1 278.8 300.0 317.6 332.2 339.8 335.3 316.2 296.7
-35 -30 274.4 270.1 267.6 264.9 271.6 284.8 299.0 311.7 320.8 321.0 307.1 290.1
-30 -25 267.8 263.9 261.3 260.9 266.3 275.3 282.8 292.8 304.2 303.6 296.7 283.3
-25 -20 261.5 258.9 255.7 256.8 261.1 268.0 272.9 276.4 288.9 290.0 284.1 276.1
-20 -15 257.7 256.0 254.1 254.1 256.7 260.3 264.1 267.5 278.3 276.0 272.3 270.6
-15 -10 254.8 254.3 253.9 252.7 253.4 256.3 257.4 261.5 270.8 268.0 264.3 263.9
-10  -5 251.1 251.4 252.1 251.2 250.1 252.2 253.1 258.7 267.1 262.7 258.5 258.7
 -5   0 247.0 247.2 250.0 250.5 249.8 252.1 253.3 258.4 266.9 259.5 254.8 255.6
  0   5 244.9 245.2 250.0 252.4 254.2 256.0 257.7 263.0 267.4 257.9 250.8 251.7
  5  10 243.6 243.7 252.1 258.5 263.2 264.9 266.2 270.9 270.9 258.5 248.5 247.1
 10  15 243.9 247.0 258.8 268.6 274.4 275.5 277.3 278.1 275.9 262.2 248.3 244.9
 15  20 247.3 254.0 267.9 279.5 284.7 283.6 283.8 283.3 278.1 264.4 250.2 245.3
 20  25 256.2 264.0 278.0 291.0 294.0 292.0 288.4 287.3 278.7 266.7 253.6 250.0
 25  30 271.4 283.1 292.4 305.2 304.7 297.1 292.1 290.5 280.0 269.3 258.2 257.6
 30  35 297.6 312.9 319.3 321.6 315.3 304.6 295.2 293.7 283.6 272.8 266.8 273.1
 35  40 334.7 353.2 354.6 342.6 332.5 318.0 304.0 300.1 289.3 279.4 282.3 295.4
 40  45 366.6 386.1 382.6 366.0 351.4 334.4 317.6 309.0 296.1 290.3 300.4 312.8
 45  50 388.6 402.9 403.2 388.2 368.2 346.9 329.5 320.0 303.5 299.6 314.4 328.3
 50  55 395.7 415.2 416.6 403.9 381.4 357.7 338.0 320.6 305.7 302.2 326.6 339.3
 55  60 399.2 414.7 421.9 416.2 389.5 361.2 335.6 317.7 302.4 302.1 332.8 343.4
 60  65   0.0 411.8 423.4 422.5 391.8 359.9 328.4 309.6 301.5 302.6 331.7   0.0
 65  70   0.0 404.6 421.6 425.6 396.3 355.1 321.3 302.2 300.8 300.6   0.0   0.0
 70  75   0.0   0.0 420.1 428.4 398.3 354.0 320.5 297.1 299.1   0.0   0.0   0.0
 75  80   0.0   0.0 419.1 425.8 399.7 354.6 321.9 294.9 293.7   0.0   0.0   0.0
 80  85   0.0   0.0   0.0 419.1 398.0 358.8 317.5 297.8   0.0   0.0   0.0   0.0
 85  90   0.0   0.0   0.0   0.0   0.0   0.0   0.0   0.0   0.0   0.0   0.0   0.0
2004 GTO-ECV_CCI_OMI_ext Melanie.Coldewey-Egbers@dlr.de
        Jan   Feb   Mar   Apr   May   Jun   Jul   Aug   Sep   Oct   Nov   Dec
-90 -85   0.0   0.0   0.0   0.0   0.0   0.0   0.0   0.0   0.0   0.0   0.0   0.0
-85 -80 269.2 259.8   0.0   0.0   0.0   0.0   0.0   0.0   0.0 205.3 237.5 303.1
-80 -75 273.3 262.0 267.4   0.0   0.0   0.0   0.0   0.0   0.0 224.5 251.1 302.2
-75 -70 279.5 276.0 277.7   0.0   0.0   0.0   0.0   0.0   0.0 251.4 267.6 300.9
-70 -65 296.2 287.1 289.0   0.0   0.0   0.0   0.0   0.0 241.9 282.9 292.2 304.1
-65 -60 306.3 296.4 295.3 304.8   0.0   0.0   0.0   0.0 294.6 317.3 320.0 313.5
-60 -55 306.6 299.5 296.5 312.1 316.6   0.0   0.0 326.5 332.7 344.1 335.3 316.5
-55 -50 299.2 295.1 286.5 304.0 313.2 316.8 321.4 335.5 345.0 352.5 338.6 313.5
-50 -45 290.0 286.6 276.7 286.2 302.3 311.0 319.1 336.6 342.5 346.5 333.4 304.5
-45 -40 283.3 278.5 271.4 273.7 288.9 303.4 311.6 330.4 334.5 335.1 323.3 294.8
-40 -35 278.0 272.7 268.4 264.4 274.8 288.0 298.6 314.8 324.7 322.0 313.9 288.3
-35 -30 270.5 266.9 264.3 261.7 265.7 270.4 280.7 294.6 306.3 307.3 303.9 283.2
-30 -25 263.9 262.0 260.2 258.2 257.1 257.2 264.6 274.8 288.9 292.4 291.2 277.6
-25 -20 260.6 259.4 257.9 254.4 251.0 250.3 254.3 260.4 275.7 280.5 278.6 270.9
-20 -15 259.5 259.7 258.7 254.0 250.4 249.1 251.9 256.0 269.3 272.1 272.0 266.8
-15 -10 255.6 258.9 259.7 258.0 253.6 252.2 255.0 259.9 268.4 267.1 269.1 264.1
-10  -5 252.3 258.1 261.9 262.7 260.7 259.5 263.7 267.2 273.3 267.1 264.4 258.0
 -5   0 250.7 258.2 264.2 267.2 266.6 267.0 272.9 274.6 276.8 267.1 261.3 252.9
  0   5 248.3 255.1 263.5 267.3 269.3 271.5 278.6 279.4 278.3 266.1 259.7 250.6
  5  10 243.0 249.2 258.3 265.8 271.6 275.7 282.1 282.4 278.8 266.4 259.3 250.4
 10  15 238.2 245.4 257.0 268.0 275.4 280.7 285.6 284.3 279.7 267.5 260.8 252.6
 15  20 238.9 244.3 259.3 271.5 280.0 285.4 287.3 284.0 278.9 268.0 262.3 255.6
 20  25 246.8 248.9 265.9 280.4 288.8 293.3 291.9 284.9 278.7 270.1 265.3 260.8
 25  30 259.4 260.2 279.4 296.1 302.3 300.2 296.6 288.2 280.6 273.3 269.8 270.7
 30  35 278.7 287.4 298.8 315.2 317.2 308.7 301.9 293.5 284.2 278.5 275.7 285.2
 35  40 308.7 324.3 328.1 336.7 333.7 321.4 308.2 300.3 288.8 283.3 284.1 303.6
 40  45 339.4 360.0 356.9 357.3 352.1 336.4 317.3 309.4 295.4 287.3 295.3 321.5
 45  50 363.5 383.6 385.4 380.4 365.0 350.7 327.0 317.3 300.0 295.1 305.9 335.9
 50  55 373.2 397.1 405.1 399.6 376.5 357.8 333.6 320.1 304.6 304.4 318.5 349.2
 55  60 382.3 403.3 419.6 413.5 382.8 358.2 334.6 317.0 308.6 311.3 329.3 360.1
 60  65   0.0 407.4 431.7 422.5 384.6 352.2 328.6 311.6 305.7 314.4 334.7   0.0
 65  70   0.0 416.4 433.8 422.7 387.5 350.9 321.4 303.6 298.2 309.6   0.0   0.0
 70  75   0.0   0.0 429.4 417.7 393.8 350.4 318.6 296.5 287.7   0.0   0.0   0.0
 75  80   0.0   0.0 415.4 409.3 400.7 349.2 317.3 293.4 276.6   0.0   0.0   0.0
 80  85   0.0   0.0   0.0 397.1 396.0 346.1 317.0 293.8   0.0   0.0   0.0   0.0
 85  90   0.0   0.0   0.0   0.0   0.0   0.0   0.0   0.0   0.0   0.0   0.0   0.0
2005 GTO-ECV_CCI_OMI_ext Melanie.Coldewey-Egbers@dlr.de
        Jan   Feb   Mar   Apr   May   Jun   Jul   Aug   Sep   Oct   Nov   Dec
-90 -85   0.0   0.0   0.0   0.0   0.0   0.0   0.0   0.0   0.0   0.0   0.0   0.0
-85 -80 269.8 259.2   0.0   0.0   0.0   0.0   0.0   0.0   0.0 166.9 275.4 276.8
-80 -75 275.3 270.2 268.0   0.0   0.0   0.0   0.0   0.0   0.0 191.6 284.2 285.2
-75 -70 281.2 284.4 280.3   0.0   0.0   0.0   0.0   0.0   0.0 227.0 295.0 294.7
-70 -65 295.0 295.7 287.9   0.0   0.0   0.0   0.0   0.0 227.3 268.3 309.2 301.6
-65 -60 307.2 300.1 291.4 290.8   0.0   0.0   0.0   0.0 276.6 309.2 324.6 314.3
-60 -55 310.9 297.0 291.0 297.4 304.0   0.0   0.0 325.7 331.2 342.7 338.3 323.0
-55 -50 306.0 287.5 282.9 292.6 305.4 320.2 333.8 354.0 361.2 360.6 342.5 323.9
-50 -45 295.5 278.4 276.1 284.0 300.2 322.5 343.3 361.7 365.2 362.8 337.1 316.4
-45 -40 285.2 273.5 272.8 276.7 293.1 319.7 340.7 356.5 357.2 353.7 325.7 305.4
-40 -35 277.3 271.2 270.1 270.5 283.6 308.5 324.9 339.1 342.5 338.5 313.4 295.5
-35 -30 270.7 267.5 265.5 265.8 273.6 292.6 301.1 315.0 324.6 321.3 302.6 287.3
-30 -25 265.9 262.9 259.3 260.3 265.6 276.0 281.9 292.7 305.3 305.9 293.3 280.0
-25 -20 262.2 259.3 255.0 255.6 260.9 264.8 271.3 276.3 289.9 292.3 285.4 273.9
-20 -15 260.0 257.4 253.4 253.1 255.3 258.1 264.4 268.0 278.7 281.0 275.3 269.0
-15 -10 258.7 256.6 253.4 252.5 251.5 252.7 258.2 263.6 269.4 271.6 265.7 262.9
-10  -5 254.8 253.5 252.5 250.7 249.6 250.7 254.4 258.8 263.3 264.0 258.4 257.1
 -5   0 250.7 250.5 251.5 250.3 249.5 250.9 254.9 258.3 260.6 258.3 252.6 252.9
  0   5 248.0 249.0 251.4 251.5 251.8 254.3 258.6 261.1 261.2 255.1 248.6 248.9
  5  10 247.8 250.2 253.5 256.5 259.1 261.1 265.3 266.7 265.6 256.9 247.6 244.7
 10  15 251.6 255.4 260.2 265.2 270.2 270.0 273.0 273.1 271.6 261.8 249.3 242.1
 15  20 257.0 260.9 267.6 275.4 280.8 277.7 278.9 276.2 273.6 264.4 251.1 243.0
 20  25 264.3 266.1 275.4 286.9 292.0 285.3 284.4 279.9 275.1 265.8 255.1 249.3
 25  30 279.1 283.4 289.6 300.7 304.7 294.8 290.2 285.2 277.8 267.5 259.8 259.6
 30  35 302.7 311.5 315.0 319.4 317.2 304.6 294.8 289.9 281.1 270.3 266.7 277.7
 35  40 330.8 341.0 347.4 342.6 335.9 317.6 301.8 295.3 286.2 275.7 282.4 304.5
 40  45 352.7 366.8 375.2 362.9 356.0 333.4 311.5 302.2 293.1 283.7 299.6 330.6
 45  50 362.9 385.3 391.5 377.2 366.7 344.2 322.4 308.8 300.7 295.1 312.5 346.2
 50  55 368.1 390.0 397.7 386.1 371.2 350.7 331.1 313.6 304.2 305.7 322.8 352.8
 55  60 372.2 388.2 401.3 395.5 375.1 354.8 333.4 314.5 304.1 310.7 330.2 354.2
 60  65   0.0 384.8 403.4 406.9 377.1 352.1 327.4 311.4 301.0 312.2 332.5   0.0
 65  70   0.0 378.5 407.1 417.5 378.3 346.8 318.5 303.5 295.8 308.6   0.0   0.0
 70  75   0.0   0.0 416.5 428.7 381.9 345.7 313.9 293.2 290.3   0.0   0.0   0.0
 75  80   0.0   0.0 420.6 435.7 384.5 343.7 310.9 283.5 281.3   0.0   0.0   0.0
 80  85   0.0   0.0   0.0 444.5 387.0 343.7 310.0 277.0   0.0   0.0   0.0   0.0
 85  90   0.0   0.0   0.0   0.0   0.0   0.0   0.0   0.0   0.0   0.0   0.0   0.0
2006 GTO-ECV_CCI_OMI_ext Melanie.Coldewey-Egbers@dlr.de
        Jan   Feb   Mar   Apr   May   Jun   Jul   Aug   Sep   Oct   Nov   Dec
-90 -85   0.0   0.0   0.0   0.0   0.0   0.0   0.0   0.0   0.0   0.0   0.0   0.0
-85 -80 275.8 274.5   0.0   0.0   0.0   0.0   0.0   0.0   0.0 139.6 175.2 280.5
-80 -75 278.8 274.0 284.8   0.0   0.0   0.0   0.0   0.0   0.0 156.2 193.0 283.3
-75 -70 282.5 280.0 292.8   0.0   0.0   0.0   0.0   0.0   0.0 188.0 222.2 287.7
-70 -65 294.8 289.2 297.5   0.0   0.0   0.0   0.0   0.0 197.5 230.4 256.6 291.8
-65 -60 308.1 297.4 298.5 293.2   0.0   0.0   0.0   0.0 249.8 273.8 292.0 299.3
-60 -55 313.3 301.7 295.3 298.9 299.0   0.0   0.0 302.4 307.5 315.3 318.0 304.4
-55 -50 309.0 297.1 286.2 293.2 296.2 304.1 306.2 324.9 335.4 338.2 327.5 304.4
-50 -45 296.9 286.5 277.4 283.7 288.5 300.3 310.6 328.5 337.1 339.0 325.0 299.0
-45 -40 285.1 277.3 271.2 273.5 280.8 295.3 307.8 323.1 331.2 330.6 316.8 290.4
-40 -35 276.3 270.5 266.5 267.1 274.9 286.1 296.9 310.2 319.7 318.5 307.2 283.2
-35 -30 269.9 264.3 263.3 263.5 267.9 272.1 279.5 292.4 303.6 304.2 296.4 278.7
-30 -25 265.4 260.3 258.1 257.3 258.5 260.1 264.3 276.0 287.0 289.6 285.6 274.0
-25 -20 263.7 258.4 254.9 251.7 250.4 252.7 256.2 264.6 275.2 277.1 275.7 266.3
-20 -15 262.2 257.0 254.6 250.2 247.7 250.0 253.1 258.1 267.7 268.8 268.7 260.0
-15 -10 258.3 255.1 255.8 252.7 250.8 251.7 254.6 257.5 264.6 264.8 265.5 256.8
-10  -5 253.4 252.6 256.8 257.3 258.2 260.4 262.2 264.7 268.8 264.3 261.7 252.7
 -5   0 250.2 251.1 259.0 262.7 265.5 269.4 271.9 275.4 275.4 265.8 258.9 248.4
  0   5 246.4 248.8 259.0 264.7 267.5 271.9 276.3 279.5 277.8 266.3 257.2 246.1
  5  10 242.2 244.9 256.6 264.7 269.0 273.3 278.1 280.1 278.2 267.4 257.2 246.2
 10  15 239.4 241.8 256.5 267.8 274.0 278.2 281.9 282.0 278.7 267.9 258.5 248.0
 15  20 240.4 243.6 260.9 273.7 281.0 284.3 285.9 283.1 278.7 267.9 260.4 251.2
 20  25 245.9 249.7 269.6 283.2 290.9 290.7 290.5 285.7 280.0 270.2 263.4 255.7
 25  30 260.4 261.2 282.8 296.9 302.7 299.9 295.3 290.0 283.1 274.4 271.0 265.8
 30  35 283.9 279.2 304.1 316.8 315.3 308.8 300.2 295.4 287.8 280.4 283.8 283.9
 35  40 312.8 311.8 336.6 338.3 329.1 321.8 306.1 300.1 293.7 287.1 297.1 305.5
 40  45 340.9 354.3 367.6 359.0 347.2 337.0 315.5 306.3 299.3 293.9 307.2 327.0
 45  50 364.0 389.4 387.3 376.4 365.9 348.1 328.8 314.9 306.0 301.4 315.6 344.9
 50  55 378.4 409.5 400.9 393.7 380.2 353.8 338.0 322.6 309.6 309.5 322.7 358.9
 55  60 386.7 421.8 415.5 408.9 389.6 355.3 339.3 324.2 310.0 315.1 327.4 366.4
 60  65   0.0 432.5 427.0 421.3 393.0 353.2 334.0 318.4 309.2 318.3 326.2   0.0
 65  70   0.0 440.7 431.9 433.4 394.8 353.4 325.1 308.3 304.6 315.6   0.0   0.0
 70  75   0.0   0.0 438.0 437.5 397.2 359.5 321.6 298.8 298.6   0.0   0.0   0.0
 75  80   0.0   0.0 440.3 431.8 399.7 362.7 318.7 292.8 290.9   0.0   0.0   0.0
 80  85   0.0   0.0   0.0 425.2 399.8 363.9 318.5 293.7   0.0   0.0   0.0   0.0
 85  90   0.0   0.0   0.0   0.0   0.0   0.0   0.0   0.0   0.0   0.0   0.0   0.0
2007 GTO-ECV_CCI_OMI_ext Melanie.Coldewey-Egbers@dlr.de
        Jan   Feb   Mar   Apr   May   Jun   Jul   Aug   Sep   Oct   Nov   Dec
-90 -85   0.0   0.0   0.0   0.0   0.0   0.0   0.0   0.0   0.0   0.0   0.0   0.0
-85 -80 271.5 275.6   0.0   0.0   0.0   0.0   0.0   0.0   0.0 180.0 200.2 255.6
-80 -75 273.7 275.0 265.9   0.0   0.0   0.0   0.0   0.0   0.0 206.7 218.1 271.0
-75 -70 278.5 280.6 272.1   0.0   0.0   0.0   0.0   0.0   0.0 244.7 245.2 287.8
-70 -65 289.8 288.1 281.0   0.0   0.0   0.0   0.0   0.0 239.7 285.4 284.9 304.5
-65 -60 299.7 292.0 289.6 284.4   0.0   0.0   0.0   0.0 296.5 322.2 326.2 319.8
-60 -55 302.5 291.4 292.7 292.3 302.6   0.0   0.0 336.9 346.2 353.4 352.9 323.6
-55 -50 297.5 284.8 285.5 290.8 306.6 311.7 342.6 359.3 368.8 367.9 356.5 318.6
-50 -45 287.4 277.3 276.3 285.0 300.6 317.9 351.0 360.5 367.3 365.2 345.8 308.4
-45 -40 278.3 271.9 269.6 278.5 290.3 319.1 345.4 353.5 357.6 354.0 332.5 299.7
-40 -35 273.4 269.1 267.7 273.1 281.0 311.6 330.7 338.7 343.2 341.1 321.6 295.1
-35 -30 269.6 265.3 264.7 267.7 272.9 297.0 309.5 317.3 323.7 325.1 312.6 290.2
-30 -25 264.3 259.9 259.7 261.6 265.9 280.8 287.6 298.8 305.1 307.6 301.5 282.5
-25 -20 259.0 255.2 256.5 258.0 263.3 269.9 273.5 283.0 289.9 292.7 288.4 275.3
-20 -15 255.6 253.3 255.7 255.9 259.5 260.8 262.8 269.5 276.2 279.9 279.0 271.0
-15 -10 253.0 252.8 255.4 255.1 254.8 254.2 254.9 261.9 268.8 270.1 271.0 266.6
-10  -5 249.5 250.9 253.7 254.2 253.1 251.1 251.9 258.3 263.3 263.2 263.5 261.3
 -5   0 244.9 247.9 251.5 254.2 252.7 251.4 252.4 257.9 260.4 258.2 257.6 256.9
  0   5 242.6 245.7 250.7 255.7 255.3 254.7 256.5 260.5 260.8 255.8 253.4 252.1
  5  10 242.6 245.3 252.5 260.9 263.2 262.4 263.3 266.0 265.2 258.2 252.5 247.2
 10  15 246.0 248.7 258.1 269.4 272.2 272.1 271.2 273.3 271.6 263.6 255.0 243.9
 15  20 251.3 255.4 266.7 278.0 279.3 279.6 278.1 278.0 275.4 265.7 256.4 244.1
 20  25 257.4 264.9 278.5 289.8 290.9 287.4 283.5 282.4 278.2 267.3 258.0 250.3
 25  30 268.5 279.6 293.5 304.8 305.6 295.6 288.7 286.9 281.4 269.1 260.7 260.0
 30  35 291.3 303.2 314.9 323.4 319.5 305.7 294.2 291.2 284.4 271.6 266.7 275.6
 35  40 322.2 335.9 346.7 346.9 331.9 318.9 301.4 295.4 287.2 276.9 279.3 298.9
 40  45 352.5 368.6 377.6 370.9 345.9 333.7 313.2 302.2 290.3 286.6 295.4 325.3
 45  50 374.2 395.3 398.1 385.7 358.1 345.8 325.5 310.3 296.3 296.8 311.1 347.4
 50  55 390.5 412.5 411.7 393.4 368.3 351.6 333.8 316.1 303.3 304.8 323.8 359.4
 55  60 401.6 417.6 421.3 394.6 378.1 354.2 335.0 316.3 308.6 309.6 331.7 362.9
 60  65   0.0 415.6 424.3 396.0 385.3 352.9 328.4 312.4 311.4 312.5 334.4   0.0
 65  70   0.0 407.9 419.9 399.2 389.4 347.4 318.9 306.9 308.2 311.8   0.0   0.0
 70  75   0.0   0.0 411.1 403.5 391.1 343.5 314.6 300.7 301.0   0.0   0.0   0.0
 75  80   0.0   0.0 394.2 406.1 391.1 343.4 312.4 293.4 287.1   0.0   0.0   0.0
 80  85   0.0   0.0   0.0 404.1 390.4 345.4 312.6 287.3   0.0   0.0   0.0   0.0
 85  90   0.0   0.0   0.0   0.0   0.0   0.0   0.0   0.0   0.0   0.0   0.0   0.0
2008 GTO-ECV_CCI_OMI_ext Melanie.Coldewey-Egbers@dlr.de
        Jan   Feb   Mar   Apr   May   Jun   Jul   Aug   Sep   Oct   Nov   Dec
-90 -85   0.0   0.0   0.0   0.0   0.0   0.0   0.0   0.0   0.0   0.0   0.0   0.0
-85 -80 290.8 282.0   0.0   0.0   0.0   0.0   0.0   0.0   0.0 154.5 184.0 253.4
-80 -75 289.7 282.8 280.6   0.0   0.0   0.0   0.0   0.0   0.0 170.4 198.2 262.5
-75 -70 291.3 289.9 286.1   0.0   0.0   0.0   0.0   0.0   0.0 201.3 223.9 274.2
-70 -65 299.8 295.9 291.3   0.0   0.0   0.0   0.0   0.0 203.1 248.3 266.0 287.5
-65 -60 307.8 298.6 293.1 292.5   0.0   0.0   0.0   0.0 258.3 294.8 308.6 302.5
-60 -55 307.7 295.3 292.0 299.9 307.5   0.0   0.0 297.6 311.0 330.5 332.5 309.6
-55 -50 300.5 286.0 283.2 297.5 308.4 309.9 312.4 317.7 335.0 346.6 336.6 308.1
-50 -45 289.0 277.8 273.3 289.2 302.1 308.9 318.5 328.8 340.4 346.3 330.1 300.4
-45 -40 280.3 273.1 268.3 279.6 292.8 304.3 315.5 331.9 337.2 337.3 321.0 292.4
-40 -35 275.8 270.1 268.9 270.6 281.0 294.6 303.9 323.6 326.8 324.9 312.1 287.0
-35 -30 271.8 266.4 267.0 265.1 269.5 280.1 285.9 304.8 311.0 308.6 301.5 283.1
-30 -25 268.1 262.0 262.4 262.0 260.5 264.6 269.8 284.5 294.9 292.6 288.9 276.2
-25 -20 265.6 259.7 259.3 259.2 253.6 254.1 259.9 269.9 281.9 281.3 277.5 268.7
-20 -15 264.5 260.2 258.9 257.2 251.8 252.2 257.4 262.2 272.9 275.0 270.7 264.8
-15 -10 262.2 260.2 260.1 258.6 256.0 255.1 258.5 260.6 268.0 270.8 266.8 262.7
-10  -5 258.6 259.5 261.3 262.3 263.8 264.4 265.5 267.5 270.6 268.6 262.7 259.2
 -5   0 255.8 259.5 263.7 267.2 270.6 272.9 274.4 276.6 276.1 268.5 259.9 255.7
  0   5 252.0 257.2 264.2 269.2 272.0 274.2 277.1 279.5 277.7 267.4 257.8 253.0
  5  10 247.2 252.7 260.9 268.2 271.9 275.1 278.4 279.2 277.5 266.7 257.1 250.8
 10  15 242.9 248.4 257.7 267.8 273.5 278.2 281.4 280.9 277.9 266.6 256.2 250.6
 15  20 243.0 247.7 258.1 269.7 275.7 280.6 282.4 281.5 277.3 266.4 255.5 253.5
 20  25 253.1 256.4 265.7 277.0 281.6 286.0 285.4 282.8 278.1 268.8 257.8 257.0
 25  30 268.5 270.9 279.8 290.3 292.0 292.8 290.1 286.1 280.6 272.5 263.9 265.2
 30  35 288.8 291.8 300.7 307.2 305.3 300.9 295.3 290.8 284.0 277.3 273.1 281.8
 35  40 314.6 323.9 326.1 328.9 323.9 312.6 301.5 295.4 288.7 282.4 287.5 301.8
 40  45 341.0 351.2 351.9 350.1 346.1 326.7 310.5 301.3 294.5 288.4 303.6 321.6
 45  50 363.6 370.5 372.7 366.8 361.6 339.3 321.4 308.2 298.8 295.7 315.2 338.2
 50  55 378.6 385.3 388.2 380.0 368.6 347.2 328.6 312.2 302.3 302.6 322.4 349.2
 55  60 383.8 397.3 400.2 392.8 371.0 348.9 328.5 310.7 304.6 307.4 327.3 355.6
 60  65   0.0 407.1 409.8 405.9 370.6 344.3 322.3 307.9 303.3 307.7 326.6   0.0
 65  70   0.0 409.5 419.4 413.7 367.8 340.9 314.7 303.6 296.8 302.1   0.0   0.0
 70  75   0.0   0.0 430.1 413.8 371.0 342.1 313.8 297.7 291.2   0.0   0.0   0.0
 75  80   0.0   0.0 436.1 407.3 377.2 343.4 314.9 294.6 285.5   0.0   0.0   0.0
 80  85   0.0   0.0   0.0 400.7 380.3 345.4 317.1 295.7   0.0   0.0   0.0   0.0
 85  90   0.0   0.0   0.0   0.0   0.0   0.0   0.0   0.0   0.0   0.0   0.0   0.0
2009 GTO-ECV_CCI_OMI_ext Melanie.Coldewey-Egbers@dlr.de
        Jan   Feb   Mar   Apr   May   Jun   Jul   Aug   Sep   Oct   Nov   Dec
-90 -85   0.0   0.0   0.0   0.0   0.0   0.0   0.0   0.0   0.0   0.0   0.0   0.0
-85 -80 282.6 260.1   0.0   0.0   0.0   0.0   0.0   0.0   0.0 173.6 215.1 295.0
-80 -75 282.5 263.5 259.0   0.0   0.0   0.0   0.0   0.0   0.0 196.3 234.0 298.5
-75 -70 283.2 273.2 272.2   0.0   0.0   0.0   0.0   0.0   0.0 233.9 261.9 305.9
-70 -65 290.6 286.7 284.7   0.0   0.0   0.0   0.0   0.0 218.1 277.9 296.4 314.6
-65 -60 299.5 295.7 290.9 291.6   0.0   0.0   0.0   0.0 286.1 320.6 324.0 325.8
-60 -55 300.7 297.2 292.7 296.5 303.9   0.0   0.0 316.4 346.6 353.3 339.6 327.2
-55 -50 294.8 289.6 285.9 291.1 305.2 326.6 328.6 342.3 370.9 364.7 343.8 322.8
-50 -45 284.9 278.2 276.7 282.4 301.3 322.8 331.0 350.6 369.2 360.6 339.3 313.4
-45 -40 277.0 269.4 269.8 275.6 295.2 313.2 325.4 349.7 358.6 351.1 329.9 301.1
-40 -35 271.5 264.3 267.1 270.9 287.3 299.6 314.1 339.3 342.1 338.5 319.0 289.3
-35 -30 268.0 259.8 264.7 268.0 277.9 285.7 300.8 318.2 321.5 322.7 308.2 281.6
-30 -25 264.4 255.4 259.3 263.0 267.3 273.7 289.0 297.3 302.4 304.2 297.8 275.3
-25 -20 260.3 252.9 255.9 257.8 259.0 267.3 277.7 280.2 287.2 289.2 286.5 270.3
-20 -15 258.4 252.5 255.4 254.6 256.3 262.4 268.3 269.4 276.8 278.3 276.7 264.9
-15 -10 258.3 252.2 256.6 256.4 256.6 257.3 260.1 263.3 267.5 267.8 266.4 257.6
-10  -5 256.6 251.1 257.7 258.7 256.0 253.5 255.1 258.7 260.6 259.5 256.9 249.3
 -5   0 254.2 250.0 258.6 260.3 256.1 254.2 255.8 259.1 259.0 254.5 248.9 241.5
  0   5 252.0 248.3 258.8 262.0 258.4 257.2 259.6 261.9 259.8 253.0 245.4 237.8
  5  10 250.1 246.0 258.5 265.1 265.0 264.0 266.1 266.8 263.9 256.1 248.3 239.2
 10  15 252.0 248.0 262.3 271.7 273.3 272.8 273.6 273.2 269.8 261.6 253.6 243.0
 15  20 256.1 255.0 268.0 277.5 280.4 280.4 279.8 277.0 272.2 264.0 257.7 247.7
 20  25 258.5 262.4 276.5 285.3 288.7 288.4 286.3 281.5 274.8 265.9 262.2 252.6
 25  30 268.0 272.9 290.8 299.6 300.2 295.7 291.6 286.1 278.5 268.3 266.3 261.0
 30  35 286.5 294.1 310.6 319.8 313.5 305.3 296.8 289.9 283.4 271.5 271.6 282.8
 35  40 311.8 327.2 337.4 339.6 328.8 319.0 303.8 295.5 288.8 280.3 281.8 314.9
 40  45 339.2 361.1 362.8 360.2 346.6 333.7 316.5 304.0 294.2 293.0 296.7 345.5
 45  50 361.3 386.5 383.7 379.4 363.0 346.9 329.5 313.2 300.9 303.4 312.2 365.5
 50  55 375.8 404.4 401.6 393.3 375.3 353.0 335.7 318.6 305.7 310.6 327.8 376.7
 55  60 382.0 421.0 414.1 402.3 383.3 352.3 334.2 318.9 306.2 312.9 339.3 380.0
 60  65   0.0 439.8 427.1 407.7 387.2 346.8 327.2 314.3 305.2 312.3 345.6   0.0
 65  70   0.0 454.5 437.4 413.6 386.2 344.6 318.1 306.5 301.3 308.5   0.0   0.0
 70  75   0.0   0.0 443.0 421.7 386.3 347.8 313.3 298.6 296.3   0.0   0.0   0.0
 75  80   0.0   0.0 442.9 427.5 387.9 347.5 308.9 291.7 288.5   0.0   0.0   0.0
 80  85   0.0   0.0   0.0 423.0 390.9 342.5 301.0 285.6   0.0   0.0   0.0   0.0
 85  90   0.0   0.0   0.0   0.0   0.0   0.0   0.0   0.0   0.0   0.0   0.0   0.0
2010 GTO-ECV_CCI_OMI_ext Melanie.Coldewey-Egbers@dlr.de
        Jan   Feb   Mar   Apr   May   Jun   Jul   Aug   Sep   Oct   Nov   Dec
-90 -85   0.0   0.0   0.0   0.0   0.0   0.0   0.0   0.0   0.0   0.0   0.0   0.0
-85 -80 285.3 263.6   0.0   0.0   0.0   0.0   0.0   0.0   0.0 167.4 184.0 250.2
-80 -75 284.7 270.1 273.7   0.0   0.0   0.0   0.0   0.0   0.0 185.4 201.1 257.9
-75 -70 287.5 279.4 284.3   0.0   0.0   0.0   0.0   0.0   0.0 217.8 230.6 272.2
-70 -65 297.6 290.5 292.6   0.0   0.0   0.0   0.0   0.0 248.6 260.4 271.1 289.8
-65 -60 308.3 298.5 298.2 301.6   0.0   0.0   0.0   0.0 298.2 302.7 310.5 305.4
-60 -55 311.6 302.1 298.5 302.4 305.6   0.0   0.0 335.6 336.2 336.6 332.4 313.3
-55 -50 307.2 297.2 288.6 296.4 304.5 312.6 326.0 347.0 351.5 348.8 336.2 311.2
-50 -45 296.9 287.9 281.0 287.1 299.4 310.5 327.8 344.2 350.4 344.9 330.6 304.0
-45 -40 286.2 278.8 276.5 279.4 295.5 312.5 327.4 336.3 342.2 336.0 323.3 297.9
-40 -35 278.9 271.5 272.1 274.5 290.6 308.6 317.1 323.3 329.8 326.9 317.0 293.0
-35 -30 272.7 265.3 266.5 270.8 282.5 294.4 300.1 305.4 313.1 313.9 307.3 288.1
-30 -25 266.6 258.9 261.1 265.6 272.1 277.9 282.0 287.6 295.7 298.6 295.0 281.5
-25 -20 263.0 255.2 256.3 261.2 263.1 266.2 268.4 273.9 280.9 286.8 285.1 277.8
-20 -15 260.7 252.5 253.1 256.7 255.4 256.2 260.6 264.1 272.8 279.9 279.3 275.4
-15 -10 255.6 248.3 250.7 252.3 250.4 250.7 256.0 261.9 271.9 277.9 277.6 273.0
-10  -5 248.3 242.0 246.6 248.3 247.5 250.5 258.5 266.3 276.3 279.6 277.0 270.2
 -5   0 241.0 236.6 243.2 246.1 246.0 252.5 263.5 272.5 280.5 280.3 275.5 268.4
  0   5 237.3 234.1 242.9 247.5 248.6 255.7 266.1 274.3 280.0 277.3 272.2 265.8
  5  10 238.7 236.0 247.2 254.2 257.7 261.7 269.3 274.7 277.4 273.8 268.1 261.5
 10  15 243.2 241.3 253.0 262.2 268.2 270.3 275.8 276.7 275.7 270.8 262.8 255.3
 15  20 247.4 250.8 260.8 271.8 277.6 278.8 282.3 279.4 275.3 267.3 258.6 251.4
 20  25 253.1 264.5 274.2 286.3 290.9 289.1 289.0 283.6 276.5 266.4 258.7 252.1
 25  30 266.6 282.9 292.0 305.5 306.9 300.4 295.3 288.7 279.6 269.0 262.7 259.3
 30  35 293.5 314.2 316.0 328.2 326.4 313.6 302.1 294.9 286.2 275.0 271.0 275.6
 35  40 331.2 353.0 346.4 354.4 349.8 329.4 309.8 300.5 293.9 283.3 284.8 300.4
 40  45 367.2 388.4 381.6 382.2 371.8 345.5 320.3 306.6 301.5 294.1 301.4 325.5
 45  50 390.2 411.4 413.9 406.2 383.9 357.1 333.1 316.2 309.4 306.7 316.9 343.8
 50  55 399.5 416.3 436.1 418.9 390.3 365.8 343.6 323.2 315.4 317.0 328.1 354.7
 55  60 397.2 415.7 447.6 424.0 393.0 369.2 346.3 325.7 315.2 322.5 336.1 360.7
 60  65   0.0 421.5 452.6 425.9 395.4 368.0 339.1 322.9 312.6 324.4 337.1   0.0
 65  70   0.0 433.7 453.6 425.2 397.4 366.4 328.2 315.3 307.3 318.3   0.0   0.0
 70  75   0.0   0.0 456.4 424.5 400.9 364.7 326.5 307.8 302.4   0.0   0.0   0.0
 75  80   0.0   0.0 455.3 427.4 402.7 361.3 329.3 302.0 294.8   0.0   0.0   0.0
 80  85   0.0   0.0   0.0 434.7 405.8 356.9 331.9 298.6   0.0   0.0   0.0   0.0
 85  90   0.0   0.0   0.0   0.0   0.0   0.0   0.0   0.0   0.0   0.0   0.0   0.0
2011 GTO-ECV_CCI_OMI_ext Melanie.Coldewey-Egbers@dlr.de
        Jan   Feb   Mar   Apr   May   Jun   Jul   Aug   Sep   Oct   Nov   Dec
-90 -85   0.0   0.0   0.0   0.0   0.0   0.0   0.0   0.0   0.0   0.0   0.0   0.0
-85 -80 273.1 256.6   0.0   0.0   0.0   0.0   0.0   0.0   0.0 138.0 212.2 263.2
-80 -75 277.3 266.8 278.3   0.0   0.0   0.0   0.0   0.0   0.0 153.0 227.3 273.3
-75 -70 285.5 282.1 286.7   0.0   0.0   0.0   0.0   0.0   0.0 180.0 248.6 289.2
-70 -65 296.2 295.8 292.3   0.0   0.0   0.0   0.0   0.0 212.9 227.2 271.9 302.5
-65 -60 305.8 301.5 296.5 299.0   0.0   0.0   0.0   0.0 267.1 292.2 298.2 313.5
-60 -55 307.8 298.7 297.5 300.8 305.3   0.0   0.0 316.3 321.4 339.8 321.7 315.7
-55 -50 300.6 287.6 288.4 293.7 301.6 312.2 329.8 342.8 351.8 357.0 334.2 311.3
-50 -45 287.7 278.3 277.0 283.8 292.7 310.2 334.6 354.4 360.1 356.0 334.7 303.5
-45 -40 277.2 273.2 272.5 275.5 286.1 308.8 336.9 352.3 354.8 349.9 327.9 296.5
-40 -35 272.9 271.0 271.4 270.1 281.3 303.4 327.9 337.9 340.2 339.4 318.6 293.1
-35 -30 271.4 269.4 269.0 268.1 277.0 291.2 307.1 316.5 319.2 324.0 308.8 289.1
-30 -25 270.4 268.0 265.4 264.0 270.4 278.3 286.3 296.3 300.4 307.7 300.6 282.2
-25 -20 270.2 267.8 263.6 259.7 263.6 269.2 272.5 283.2 291.0 294.6 293.0 275.8
-20 -15 269.7 267.9 263.9 257.7 258.7 263.0 266.1 276.8 284.7 286.6 284.4 272.3
-15 -10 268.1 267.1 265.0 258.3 256.4 257.7 260.2 267.2 275.5 277.4 274.5 266.9
-10  -5 265.7 265.6 265.3 259.5 256.2 255.6 256.6 262.0 268.7 267.4 264.3 258.6
 -5   0 263.4 264.2 265.2 260.7 258.5 258.4 258.8 263.6 267.5 262.4 255.8 249.9
  0   5 260.7 261.6 264.9 262.4 260.1 262.0 262.1 266.5 267.7 260.5 252.4 246.2
  5  10 257.0 257.6 262.7 263.5 264.1 267.6 266.1 269.0 269.5 262.4 254.5 248.3
 10  15 252.3 254.4 262.6 266.8 271.6 273.7 271.1 273.0 273.5 266.1 258.5 252.0
 15  20 251.4 258.6 270.2 275.2 279.0 278.9 276.3 276.3 275.1 268.2 261.6 254.2
 20  25 253.8 264.7 278.6 284.8 287.0 285.2 282.0 280.0 276.9 270.5 264.7 258.3
 25  30 261.8 275.2 288.7 297.1 296.5 291.2 286.0 284.0 278.8 273.0 268.4 266.3
 30  35 284.4 298.9 310.2 313.0 305.8 297.3 290.6 288.1 280.3 274.9 274.3 278.8
 35  40 320.7 330.2 342.1 331.8 320.8 310.5 297.1 292.4 283.9 277.2 284.9 294.0
 40  45 353.8 357.8 369.5 349.5 340.1 327.5 307.0 297.4 289.7 283.7 297.0 311.2
 45  50 372.7 379.8 385.4 365.9 357.9 342.1 316.7 304.2 296.6 292.2 308.2 326.5
 50  55 381.4 397.0 396.3 376.9 371.2 350.8 323.8 309.6 302.3 300.5 319.5 339.3
 55  60 381.3 406.0 398.8 385.5 380.7 351.4 324.8 310.0 304.3 307.6 325.9 349.4
 60  65   0.0 402.9 389.6 396.0 383.4 342.2 318.0 305.6 301.5 312.1 326.2   0.0
 65  70   0.0 385.7 369.8 405.4 380.3 335.9 310.7 296.7 292.5 309.7   0.0   0.0
 70  75   0.0   0.0 346.7 409.8 376.1 334.5 309.3 287.6 284.7   0.0   0.0   0.0
 75  80   0.0   0.0 317.1 409.9 373.1 336.1 305.5 282.3 278.3   0.0   0.0   0.0
 80  85   0.0   0.0   0.0 404.1 369.7 336.5 298.0 279.2   0.0   0.0   0.0   0.0
 85  90   0.0   0.0   0.0   0.0   0.0   0.0   0.0   0.0   0.0   0.0   0.0   0.0
2012 GTO-ECV_CCI_OMI_ext Melanie.Coldewey-Egbers@dlr.de
        Jan   Feb   Mar   Apr   May   Jun   Jul   Aug   Sep   Oct   Nov   Dec
-90 -85   0.0   0.0   0.0   0.0   0.0   0.0   0.0   0.0   0.0   0.0   0.0   0.0
-85 -80 290.9 271.7   0.0   0.0   0.0   0.0   0.0   0.0   0.0 229.8 306.7 309.5
-80 -75 291.5 276.1 274.0   0.0   0.0   0.0   0.0   0.0   0.0 249.9 314.3 311.1
-75 -70 292.0 283.7 282.3   0.0   0.0   0.0   0.0   0.0   0.0 279.6 322.0 312.4
-70 -65 298.2 292.5 291.0   0.0   0.0   0.0   0.0   0.0 253.5 313.9 332.0 317.5
-65 -60 304.3 297.4 296.1 297.5   0.0   0.0   0.0   0.0 301.8 340.8 342.4 330.8
-60 -55 304.1 297.3 296.1 300.0 302.0   0.0   0.0 329.5 342.6 361.4 347.8 335.4
-55 -50 296.5 290.3 287.4 289.9 302.0 307.1 325.9 341.5 355.9 366.3 346.0 331.0
-50 -45 285.2 281.4 278.2 279.4 297.4 308.3 328.0 344.4 355.9 358.4 337.9 319.8
-45 -40 277.1 274.2 271.8 272.8 291.5 306.9 326.6 341.9 348.9 346.2 327.5 306.3
-40 -35 274.2 268.6 269.2 270.1 283.2 301.4 319.2 331.6 337.2 333.3 314.8 293.7
-35 -30 271.7 264.4 267.1 268.1 275.4 291.7 304.0 313.8 320.8 318.6 303.8 285.2
-30 -25 267.3 261.5 263.7 265.0 269.5 280.5 287.3 295.1 304.2 302.5 295.0 279.5
-25 -20 263.6 259.8 260.6 261.0 265.9 271.4 274.6 280.4 290.1 288.4 285.0 274.8
-20 -15 261.4 258.9 260.3 259.6 261.6 264.0 265.3 269.1 277.0 275.3 275.0 270.0
-15 -10 258.2 256.7 259.1 258.7 257.8 257.9 259.2 263.8 269.4 266.6 266.6 263.5
-10  -5 251.5 252.3 256.4 256.4 254.4 254.1 255.7 260.6 265.3 261.7 260.2 257.1
 -5   0 244.7 247.3 253.8 254.9 252.6 253.7 256.1 261.1 264.6 258.7 256.4 253.3
  0   5 241.4 245.3 253.6 256.2 255.8 257.8 260.1 264.1 265.2 256.8 252.4 249.1
  5  10 242.9 247.0 257.4 262.7 266.7 267.8 268.3 269.7 268.1 257.2 249.0 243.5
 10  15 246.8 251.2 263.4 272.2 279.0 279.3 279.3 277.5 274.1 261.1 249.4 239.8
 15  20 250.8 257.1 271.3 282.0 287.8 286.1 286.5 281.7 277.6 262.9 250.9 239.7
 20  25 256.9 265.2 281.8 292.7 295.7 291.0 290.4 283.8 278.5 264.1 256.4 246.6
 25  30 269.7 276.2 292.6 303.2 303.5 295.3 293.4 286.3 280.8 267.5 265.6 259.9
 30  35 291.6 296.1 307.7 316.4 313.6 302.7 297.3 290.6 284.5 272.9 277.3 277.6
 35  40 317.6 327.4 331.1 335.7 328.1 316.2 302.6 295.1 287.6 279.9 290.1 301.0
 40  45 343.0 361.2 353.7 355.3 346.9 332.9 311.4 300.3 291.8 289.7 301.9 326.0
 45  50 365.1 389.5 376.5 371.9 362.0 345.5 320.2 306.5 296.5 297.4 313.3 343.4
 50  55 382.1 405.4 396.3 386.1 369.6 349.2 325.0 311.0 300.3 303.7 322.9 350.3
 55  60 392.1 412.0 410.8 399.9 375.2 347.3 324.7 310.6 302.3 307.9 326.7 351.0
 60  65   0.0 415.4 421.7 411.0 378.3 341.9 319.5 308.2 301.8 309.1 321.2   0.0
 65  70   0.0 418.2 431.6 421.7 376.7 335.7 312.2 301.3 297.7 304.6   0.0   0.0
 70  75   0.0   0.0 440.0 433.0 381.2 335.8 311.5 293.0 293.3   0.0   0.0   0.0
 75  80   0.0   0.0 434.3 434.3 387.3 337.3 308.2 286.5 285.0   0.0   0.0   0.0
 80  85   0.0   0.0   0.0 426.5 387.1 339.4 303.0 282.2   0.0   0.0   0.0   0.0
 85  90   0.0   0.0   0.0   0.0   0.0   0.0   0.0   0.0   0.0   0.0   0.0   0.0
2013 GTO-ECV_CCI_OMI_ext Melanie.Coldewey-Egbers@dlr.de
        Jan   Feb   Mar   Apr   May   Jun   Jul   Aug   Sep   Oct   Nov   Dec
-90 -85   0.0   0.0   0.0   0.0   0.0   0.0   0.0   0.0   0.0   0.0   0.0   0.0
-85 -80 287.9 278.2   0.0   0.0   0.0   0.0   0.0   0.0   0.0 208.8 288.5 307.2
-80 -75 286.6 277.6 277.5   0.0   0.0   0.0   0.0   0.0   0.0 225.3 294.4 303.6
-75 -70 287.3 284.6 289.7   0.0   0.0   0.0   0.0   0.0   0.0 253.6 302.9 302.6
-70 -65 298.1 296.7 298.8   0.0   0.0   0.0   0.0   0.0 243.7 285.3 313.8 306.7
-65 -60 310.5 303.7 302.9 296.8   0.0   0.0   0.0   0.0 283.7 317.1 326.4 315.9
-60 -55 314.8 302.2 301.5 302.8 312.3   0.0   0.0 321.0 328.4 342.4 331.4 318.1
-55 -50 310.8 293.5 291.3 299.1 311.2 319.1 320.1 338.9 349.8 350.0 327.3 315.1
-50 -45 301.0 286.2 282.8 290.5 302.8 314.3 319.5 337.4 349.6 343.9 321.0 307.7
-45 -40 291.3 282.7 278.4 282.7 291.3 304.2 312.7 327.5 337.5 331.8 314.5 297.3
-40 -35 283.8 278.7 275.8 276.3 279.8 290.0 297.9 310.1 320.5 318.3 307.3 288.8
-35 -30 276.9 272.3 270.0 270.9 270.2 272.2 279.9 290.5 302.2 302.9 297.0 281.7
-30 -25 270.6 265.7 264.0 263.7 260.7 259.2 265.4 274.4 286.6 288.2 286.0 274.2
-25 -20 266.8 262.0 260.1 257.0 253.6 253.1 257.1 264.5 276.0 278.0 276.4 268.3
-20 -15 263.6 260.8 259.2 253.7 250.6 251.2 256.2 261.1 269.5 271.3 269.5 265.0
-15 -10 259.1 258.8 259.2 255.2 252.8 254.9 260.1 262.7 266.9 266.7 266.3 262.6
-10  -5 254.6 257.0 259.8 259.0 259.2 264.1 268.7 271.2 272.8 268.9 265.2 260.2
 -5   0 251.8 256.1 261.9 263.2 265.3 271.5 277.6 281.0 279.8 272.5 264.9 258.6
  0   5 248.2 253.0 260.3 263.7 266.5 273.9 281.1 283.8 281.3 272.5 263.6 256.9
  5  10 242.0 246.7 254.4 262.3 268.1 276.3 282.6 283.7 280.6 271.9 262.6 254.8
 10  15 237.4 241.4 251.0 263.8 272.7 280.8 286.3 285.3 280.9 270.6 261.1 252.0
 15  20 237.3 240.8 253.5 268.4 277.6 284.7 288.9 286.0 279.7 268.6 260.4 251.4
 20  25 243.4 247.9 261.7 277.1 286.1 290.5 291.0 286.8 279.3 268.9 262.2 254.7
 25  30 257.1 261.7 274.5 290.8 298.6 296.9 294.8 290.4 282.0 272.3 267.0 267.5
 30  35 280.2 283.4 295.9 311.0 314.9 304.0 299.8 295.2 286.8 277.1 275.1 287.1
 35  40 310.8 318.7 329.3 338.9 335.5 316.8 306.4 300.6 293.7 282.6 286.2 309.9
 40  45 341.4 358.7 364.2 365.6 355.3 334.0 316.8 307.8 299.1 289.2 299.0 330.0
 45  50 364.1 385.3 391.3 385.3 368.3 350.3 330.4 316.2 304.1 297.2 309.2 342.5
 50  55 378.4 398.6 410.1 398.4 376.5 362.0 339.3 320.5 308.8 305.0 316.7 347.2
 55  60 386.8 406.6 423.6 412.3 387.5 367.6 339.4 320.0 312.2 308.6 323.9 346.0
 60  65   0.0 416.0 435.2 425.8 396.5 360.3 332.4 316.7 313.8 312.5 329.2   0.0
 65  70   0.0 422.5 439.4 431.8 399.5 353.4 324.4 309.6 311.5 313.5   0.0   0.0
 70  75   0.0   0.0 435.9 431.1 404.8 354.8 323.0 302.3 305.4   0.0   0.0   0.0
 75  80   0.0   0.0 423.3 425.0 412.3 361.3 323.8 299.7 293.8   0.0   0.0   0.0
 80  85   0.0   0.0   0.0 418.1 418.3 370.4 323.9 302.8   0.0   0.0   0.0   0.0
 85  90   0.0   0.0   0.0   0.0   0.0   0.0   0.0   0.0   0.0   0.0   0.0   0.0
2014 GTO-ECV_CCI_OMI_ext Melanie.Coldewey-Egbers@dlr.de
        Jan   Feb   Mar   Apr   May   Jun   Jul   Aug   Sep   Oct   Nov   Dec
-90 -85   0.0   0.0   0.0   0.0   0.0   0.0   0.0   0.0   0.0   0.0   0.0   0.0
-85 -80 285.0 284.0   0.0   0.0   0.0   0.0   0.0   0.0   0.0 179.7 252.1 288.8
-80 -75 285.3 285.9 279.7   0.0   0.0   0.0   0.0   0.0   0.0 203.9 266.4 295.7
-75 -70 287.8 293.1 286.9   0.0   0.0   0.0   0.0   0.0   0.0 238.6 283.4 303.5
-70 -65 296.3 299.6 292.0   0.0   0.0   0.0   0.0   0.0 239.8 280.5 303.1 311.7
-65 -60 306.3 301.6 295.5 294.1   0.0   0.0   0.0   0.0 287.7 320.9 324.7 323.3
-60 -55 310.0 297.4 295.0 296.8 308.1   0.0   0.0 326.0 337.2 354.4 341.4 327.8
-55 -50 304.7 288.3 284.0 289.7 305.6 319.5 331.9 348.6 363.4 366.4 345.8 321.8
-50 -45 293.2 279.1 274.0 281.3 301.2 322.0 336.6 353.0 363.4 361.3 339.0 310.4
-45 -40 282.8 273.3 269.9 277.0 296.7 318.0 334.0 345.1 354.1 348.5 328.7 299.6
-40 -35 275.9 269.7 270.0 272.4 289.1 305.1 320.9 328.8 339.0 333.3 317.8 293.3
-35 -30 270.1 266.0 268.7 268.1 277.3 287.6 301.8 307.0 319.4 317.5 307.0 288.9
-30 -25 265.2 262.6 263.1 264.0 265.7 274.2 284.0 288.9 301.3 303.5 296.9 282.0
-25 -20 261.8 260.5 258.9 260.5 260.9 266.0 271.9 278.3 288.3 292.1 288.2 276.4
-20 -15 259.6 259.8 257.8 257.1 258.7 262.1 265.7 272.6 279.2 283.1 280.3 273.1
-15 -10 258.0 259.0 259.3 257.0 257.3 258.1 261.6 268.0 273.5 273.4 270.9 266.9
-10  -5 256.6 258.6 260.5 257.5 256.1 255.3 258.0 264.5 268.7 265.2 260.9 257.3
 -5   0 254.4 257.6 260.6 258.0 256.0 256.0 259.7 265.8 267.9 260.3 252.9 248.4
  0   5 252.0 254.6 259.9 259.1 257.4 259.5 264.7 268.3 267.8 258.4 249.6 244.9
  5  10 249.7 251.6 259.3 262.6 264.3 267.5 270.8 272.8 270.4 261.3 252.5 247.2
 10  15 248.9 253.4 263.3 270.1 274.8 276.2 277.6 278.5 276.4 267.1 257.3 251.0
 15  20 252.0 258.9 268.8 278.5 284.1 283.1 282.9 280.1 278.1 269.2 260.3 255.5
 20  25 259.0 266.0 275.9 287.7 292.8 288.8 287.2 281.8 278.7 271.0 265.2 260.2
 25  30 272.7 279.7 291.2 297.7 302.2 294.6 291.2 284.5 279.3 272.3 269.0 267.3
 30  35 294.9 304.4 315.6 315.8 316.6 304.4 296.8 288.5 282.1 275.1 272.3 283.1
 35  40 323.5 336.2 344.2 339.3 333.9 318.0 305.3 295.1 287.4 279.8 283.1 305.7
 40  45 350.4 368.0 370.2 362.0 352.0 333.8 316.6 304.3 294.0 288.2 301.2 328.9
 45  50 372.4 392.2 391.3 379.4 363.6 345.5 327.7 314.6 302.6 299.4 318.6 347.8
 50  55 389.9 407.2 402.7 391.8 370.5 353.0 334.9 320.7 307.9 310.4 332.2 362.5
 55  60 395.7 409.0 407.0 401.8 377.3 356.5 335.2 320.3 310.3 317.7 338.4 372.3
 60  65   0.0 400.8 407.7 413.0 382.2 351.2 327.1 315.3 312.8 321.5 338.2   0.0
 65  70   0.0 389.0 406.6 425.1 385.3 345.6 317.9 308.7 312.2 319.2   0.0   0.0
 70  75   0.0   0.0 409.6 436.2 391.0 343.3 315.9 302.1 307.6   0.0   0.0   0.0
 75  80   0.0   0.0 412.3 443.4 394.8 342.6 315.2 292.2 293.4   0.0   0.0   0.0
 80  85   0.0   0.0   0.0 447.1 393.4 346.0 314.0 276.6   0.0   0.0   0.0   0.0
 85  90   0.0   0.0   0.0   0.0   0.0   0.0   0.0   0.0   0.0   0.0   0.0   0.0
2015 GTO-ECV_CCI_OMI_ext Melanie.Coldewey-Egbers@dlr.de
        Jan   Feb   Mar   Apr   May   Jun   Jul   Aug   Sep   Oct   Nov   Dec
-90 -85   0.0   0.0   0.0   0.0   0.0   0.0   0.0   0.0   0.0   0.0   0.0   0.0
-85 -80 286.0 270.7   0.0   0.0   0.0   0.0   0.0   0.0   0.0 135.8 170.0 251.9
-80 -75 289.9 275.0 273.5   0.0   0.0   0.0   0.0   0.0   0.0 145.6 184.7 258.1
-75 -70 294.6 286.0 284.4   0.0   0.0   0.0   0.0   0.0   0.0 161.7 210.6 270.9
-70 -65 304.5 298.5 293.5   0.0   0.0   0.0   0.0   0.0 211.0 194.2 247.4 285.2
-65 -60 311.7 305.7 299.4 304.5   0.0   0.0   0.0   0.0 255.1 255.2 290.6 297.8
-60 -55 311.4 304.3 300.9 304.0 312.5   0.0   0.0 311.8 306.2 315.1 322.4 305.2
-55 -50 306.0 295.4 292.3 294.5 312.2 327.1 324.0 325.1 329.5 337.3 330.0 306.3
-50 -45 295.9 285.6 283.6 283.7 305.5 321.9 326.2 330.3 334.7 337.9 324.8 301.5
-45 -40 285.5 279.1 277.0 277.7 295.3 313.6 323.3 327.7 331.1 331.0 317.7 295.1
-40 -35 278.7 275.0 272.9 273.7 284.8 299.8 309.9 317.4 321.3 321.0 310.1 290.8
-35 -30 273.2 270.7 268.8 268.8 273.9 282.2 289.8 298.2 306.6 308.1 301.3 287.4
-30 -25 267.4 265.2 264.6 264.4 264.0 264.8 270.8 278.3 288.9 294.0 291.0 281.9
-25 -20 263.3 262.2 262.9 259.9 256.5 252.8 256.6 264.0 275.8 282.1 280.7 274.1
-20 -15 262.6 262.8 262.2 255.5 251.3 246.2 248.4 255.9 268.4 273.5 272.3 266.6
-15 -10 259.0 260.8 259.4 252.6 249.1 245.8 249.3 258.0 266.0 269.7 268.0 261.8
-10  -5 251.8 254.9 255.6 251.3 251.7 253.9 258.3 267.2 271.9 271.4 266.8 259.5
 -5   0 244.9 249.9 253.0 252.5 256.1 262.2 268.2 277.3 280.8 275.2 265.3 256.1
  0   5 241.0 246.8 252.7 255.1 259.0 266.0 273.6 281.2 282.8 275.4 263.3 253.2
  5  10 241.8 247.1 254.9 259.8 264.2 270.1 276.7 281.4 280.8 273.6 261.6 250.7
 10  15 245.0 250.5 259.6 267.6 272.4 277.8 280.2 281.0 279.4 271.0 259.1 249.9
 15  20 250.1 258.8 270.1 279.5 283.7 286.3 284.2 281.8 277.4 268.5 258.5 252.9
 20  25 258.8 272.8 283.8 293.6 296.8 293.8 288.7 284.3 277.7 269.2 260.6 256.6
 25  30 271.1 289.7 297.0 307.7 309.1 298.8 293.7 289.4 281.4 272.6 265.8 264.0
 30  35 292.2 315.5 315.6 322.2 320.4 306.1 298.5 295.2 287.9 277.6 275.5 278.6
 35  40 323.5 347.6 341.2 341.1 335.7 320.9 304.9 301.6 294.9 284.6 287.6 299.8
 40  45 353.4 372.2 368.0 360.8 355.6 339.0 315.9 308.8 301.6 295.0 301.5 322.7
 45  50 376.8 387.8 389.9 380.3 374.0 353.3 330.3 315.4 307.6 307.0 316.8 341.4
 50  55 397.0 400.6 408.5 401.5 388.4 361.7 341.2 320.7 313.2 316.6 330.5 354.3
 55  60 413.5 413.9 422.2 418.9 398.5 364.5 344.3 323.7 317.1 320.2 339.1 359.7
 60  65   0.0 426.2 430.2 431.8 401.9 361.4 339.5 323.1 318.3 322.0 337.2   0.0
 65  70   0.0 430.4 431.3 441.9 398.3 357.5 329.4 315.3 310.0 319.8   0.0   0.0
 70  75   0.0   0.0 428.3 448.6 396.4 356.6 321.2 306.4 301.0   0.0   0.0   0.0
 75  80   0.0   0.0 421.2 451.9 397.6 352.9 312.9 300.8 290.8   0.0   0.0   0.0
 80  85   0.0   0.0   0.0 464.4 401.5 348.3 307.9 296.6   0.0   0.0   0.0   0.0
 85  90   0.0   0.0   0.0   0.0   0.0   0.0   0.0   0.0   0.0   0.0   0.0   0.0
2016 GTO-ECV_CCI_OMI_ext Melanie.Coldewey-Egbers@dlr.de
        Jan   Feb   Mar   Apr   May   Jun   Jul   Aug   Sep   Oct   Nov   Dec
-90 -85   0.0   0.0   0.0   0.0   0.0   0.0   0.0   0.0   0.0   0.0   0.0   0.0
-85 -80 281.4 268.4   0.0   0.0   0.0   0.0   0.0   0.0   0.0 182.3 299.8 310.1
-80 -75 282.7 273.2 269.3   0.0   0.0   0.0   0.0   0.0   0.0 205.4 301.9 310.7
-75 -70 286.3 281.5 278.6   0.0   0.0   0.0   0.0   0.0   0.0 235.7 305.3 310.5
-70 -65 294.4 291.1 288.2   0.0   0.0   0.0   0.0   0.0 253.7 273.1 313.6 313.6
-65 -60 301.2 297.4 292.8 295.8   0.0   0.0   0.0   0.0 310.3 310.8 324.0 323.1
-60 -55 301.4 298.1 293.8 302.5 317.1   0.0   0.0 337.9 343.6 339.0 331.7 326.3
-55 -50 295.3 291.0 287.9 297.7 319.3 336.8 342.7 357.3 354.0 351.6 333.3 323.0
-50 -45 286.8 280.8 279.2 287.2 313.9 330.1 340.5 356.9 352.8 351.7 325.8 312.9
-45 -40 279.8 273.3 271.1 277.9 301.1 317.4 330.7 344.9 345.5 343.2 313.8 299.4
-40 -35 275.9 270.0 267.7 270.7 285.4 299.6 313.0 323.2 331.9 329.0 303.5 286.8
-35 -30 271.9 266.7 266.1 266.0 270.6 280.4 289.9 299.0 311.8 309.5 294.6 276.9
-30 -25 267.5 262.2 260.4 260.2 260.6 264.8 270.3 278.3 291.8 291.6 285.2 269.6
-25 -20 262.6 258.8 254.5 253.3 252.3 253.3 254.6 262.8 276.3 278.4 275.4 264.9
-20 -15 258.2 256.6 252.0 249.4 246.0 245.5 246.1 252.9 265.9 268.6 265.2 260.9
-15 -10 255.6 254.5 252.2 249.9 246.5 246.3 250.1 255.0 263.0 264.8 261.2 258.5
-10  -5 254.0 253.1 252.7 252.2 253.0 256.2 261.5 266.3 269.9 268.9 262.0 258.1
 -5   0 251.1 251.4 253.4 255.7 259.1 263.1 269.2 275.0 276.6 272.1 262.8 258.6
  0   5 248.2 248.6 252.9 256.1 258.4 263.1 269.9 276.1 275.6 269.5 260.3 256.8
  5  10 245.7 245.3 249.8 253.1 257.1 263.8 269.9 274.5 272.5 266.0 256.3 252.2
 10  15 245.7 245.5 248.9 255.9 262.6 269.4 273.1 275.4 271.2 264.4 253.0 246.4
 15  20 248.4 251.2 255.7 264.5 272.5 276.2 277.2 276.6 271.2 263.4 252.4 244.1
 20  25 252.7 259.9 267.7 279.9 286.3 284.3 282.7 280.2 271.9 262.8 254.5 245.7
 25  30 265.3 273.3 284.7 298.1 300.8 291.5 287.8 285.1 275.0 264.0 257.3 251.4
 30  35 288.4 297.1 307.2 317.5 315.9 300.1 293.1 289.5 278.8 268.2 262.7 266.3
 35  40 320.5 330.6 334.7 340.1 332.6 312.6 299.6 293.3 284.4 275.2 275.4 289.6
 40  45 353.7 363.8 363.7 363.0 351.9 328.1 309.5 297.2 291.9 287.6 290.7 317.2
 45  50 380.4 388.7 383.1 381.1 368.8 341.6 321.0 303.4 299.3 304.7 305.1 343.5
 50  55 391.7 402.1 392.7 392.8 375.3 350.1 329.6 309.2 301.6 314.8 317.3 362.7
 55  60 386.3 401.6 398.3 400.3 376.3 352.3 331.1 311.4 302.7 317.3 330.4 375.1
 60  65   0.0 392.5 405.5 405.2 377.8 347.5 325.5 309.0 302.5 316.5 340.6   0.0
 65  70   0.0 377.3 417.0 409.7 377.2 344.0 317.8 303.2 300.7 310.1   0.0   0.0
 70  75   0.0   0.0 433.1 414.6 377.6 347.1 315.7 299.0 300.0   0.0   0.0   0.0
 75  80   0.0   0.0 445.7 417.3 376.3 352.0 314.3 298.0 297.0   0.0   0.0   0.0
 80  85   0.0   0.0   0.0 421.7 374.5 353.5 315.2 299.4   0.0   0.0   0.0   0.0
 85  90   0.0   0.0   0.0   0.0   0.0   0.0   0.0   0.0   0.0   0.0   0.0   0.0
2017 GTO-ECV_CCI_OMI_ext Melanie.Coldewey-Egbers@dlr.de
        Jan   Feb   Mar   Apr   May   Jun   Jul   Aug   Sep   Oct   Nov   Dec
-90 -85   0.0   0.0   0.0   0.0   0.0   0.0   0.0   0.0   0.0   0.0   0.0   0.0
-85 -80 290.3 274.5   0.0   0.0   0.0   0.0   0.0   0.0   0.0 196.9 299.4 296.3
-80 -75 289.2 272.9 272.9   0.0   0.0   0.0   0.0   0.0   0.0 220.1 308.0 304.0
-75 -70 290.1 280.5 279.8   0.0   0.0   0.0   0.0   0.0   0.0 253.7 315.9 312.4
-70 -65 300.0 292.9 289.0   0.0   0.0   0.0   0.0   0.0 272.0 294.5 326.4 323.0
-65 -60 309.3 302.9 296.6 299.8   0.0   0.0   0.0   0.0 322.9 331.3 337.8 333.4
-60 -55 312.7 306.9 301.8 307.3 308.8   0.0   0.0 338.0 356.3 359.6 344.2 334.7
-55 -50 309.8 300.2 294.9 302.0 305.2 321.2 331.8 356.4 370.1 367.5 342.9 326.2
-50 -45 299.0 287.8 284.3 290.1 299.2 318.9 340.6 361.3 370.8 362.9 335.7 313.2
-45 -40 286.0 278.0 275.4 279.8 292.2 314.9 338.4 354.0 361.2 351.3 326.1 302.8
-40 -35 276.3 272.0 270.8 271.8 283.6 304.2 323.4 337.0 344.4 337.3 315.8 295.4
-35 -30 269.1 266.4 267.1 266.3 273.4 290.0 300.6 313.6 322.3 321.6 305.6 288.2
-30 -25 263.4 261.4 262.2 262.2 265.1 273.6 281.6 290.6 301.0 305.6 295.2 280.0
-25 -20 261.0 258.8 258.9 257.8 261.2 262.6 271.4 275.8 285.9 293.1 287.1 274.3
-20 -15 260.2 259.0 259.0 256.8 259.0 259.3 265.2 269.7 277.4 284.3 280.9 270.1
-15 -10 259.4 259.9 261.3 259.4 257.7 257.5 260.8 266.0 271.3 274.0 272.0 263.1
-10  -5 258.9 259.9 262.9 261.2 257.3 255.8 258.2 262.5 266.5 266.1 262.3 254.4
 -5   0 258.1 259.8 263.6 262.0 257.9 256.9 260.4 264.1 265.6 261.7 254.6 246.4
  0   5 256.1 258.0 262.5 262.2 258.7 259.4 264.0 266.3 264.9 259.8 251.8 243.6
  5  10 251.0 252.2 258.5 262.2 263.5 266.0 268.5 268.7 266.0 261.2 254.0 246.6
 10  15 245.1 247.2 257.1 265.7 271.9 273.6 274.1 273.1 270.6 266.5 258.0 251.1
 15  20 243.9 249.2 261.4 273.2 278.9 278.6 279.3 275.9 272.1 268.7 260.4 254.7
 20  25 248.2 254.7 269.2 283.7 289.1 284.6 285.8 279.6 273.9 269.7 263.4 260.0
 25  30 261.0 268.5 281.5 296.2 301.4 292.0 291.1 283.5 276.9 271.1 269.5 266.4
 30  35 283.4 295.1 304.9 312.0 314.5 301.1 295.9 287.3 281.7 274.1 276.4 278.5
 35  40 314.8 329.5 336.2 334.5 331.7 315.2 301.6 292.5 287.7 277.9 285.6 301.2
 40  45 345.7 359.3 363.5 356.9 348.9 331.6 309.3 300.2 295.3 285.6 299.7 328.5
 45  50 368.4 381.0 382.7 372.9 360.1 342.9 319.7 309.2 302.2 299.4 314.7 350.5
 50  55 381.6 396.2 393.6 384.1 369.1 349.0 330.0 315.2 308.1 312.1 326.7 361.5
 55  60 387.2 403.3 401.5 395.4 377.3 351.6 332.8 314.9 311.3 320.1 333.8 363.7
 60  65   0.0 408.8 407.4 407.5 380.7 348.4 326.4 310.0 308.4 321.6 335.6   0.0
 65  70   0.0 410.9 415.4 416.9 378.3 343.8 319.0 304.7 298.9 315.4   0.0   0.0
 70  75   0.0   0.0 428.3 421.1 377.2 343.2 317.8 299.9 288.4   0.0   0.0   0.0
 75  80   0.0   0.0 433.8 419.6 378.7 342.6 317.3 296.6 278.3   0.0   0.0   0.0
 80  85   0.0   0.0   0.0 418.2 377.5 340.2 320.9 295.5   0.0   0.0   0.0   0.0
 85  90   0.0   0.0   0.0   0.0   0.0   0.0   0.0   0.0   0.0   0.0   0.0   0.0
2018 GTO-ECV_CCI_OMI_ext Melanie.Coldewey-Egbers@dlr.de
        Jan   Feb   Mar   Apr   May   Jun   Jul   Aug   Sep   Oct   Nov   Dec
-90 -85   0.0   0.0   0.0   0.0   0.0   0.0   0.0   0.0   0.0   0.0   0.0   0.0
-85 -80 291.6 267.8   0.0   0.0   0.0   0.0   0.0   0.0   0.0 141.0 217.0 288.1
-80 -75 290.1 274.0 266.3   0.0   0.0   0.0   0.0   0.0   0.0 154.4 236.1 294.3
-75 -70 294.5 284.7 282.5   0.0   0.0   0.0   0.0   0.0   0.0 181.3 260.7 303.5
-70 -65 305.8 297.2 295.1   0.0   0.0   0.0   0.0   0.0 224.0 233.3 288.3 314.5
-65 -60 315.7 304.8 301.7 308.0   0.0   0.0   0.0   0.0 278.7 302.1 319.1 323.7
-60 -55 317.8 304.4 301.7 313.3 320.5   0.0   0.0 326.8 329.2 353.8 340.4 325.4
-55 -50 310.4 295.7 291.2 304.0 318.5 331.6 340.3 347.8 354.1 366.3 345.1 319.2
-50 -45 298.0 286.0 281.4 289.8 310.8 331.5 344.9 358.5 361.3 361.7 339.2 308.7
-45 -40 288.2 279.0 275.4 279.9 300.5 327.4 342.2 356.7 356.9 353.2 329.6 300.1
-40 -35 281.8 273.3 271.4 273.4 288.0 314.1 327.5 340.9 342.6 341.4 318.5 293.2
-35 -30 275.4 266.5 265.5 268.8 277.2 295.1 307.0 317.5 321.4 325.0 305.9 286.5
-30 -25 269.1 260.3 260.4 265.7 269.8 278.3 289.1 295.6 301.7 305.8 293.6 279.0
-25 -20 266.4 257.6 257.9 262.6 266.1 268.0 275.1 278.4 287.5 290.3 282.6 270.8
-20 -15 265.3 256.8 258.0 260.5 260.3 259.7 261.9 266.6 274.8 275.7 272.0 265.8
-15 -10 260.7 254.8 256.1 257.2 254.5 253.3 254.5 260.8 269.1 269.6 266.4 262.9
-10  -5 253.6 249.0 251.9 252.1 250.1 249.5 252.4 260.5 269.3 269.5 264.6 260.9
 -5   0 246.7 243.6 248.9 249.3 247.5 249.2 253.9 264.1 272.5 270.2 264.3 259.5
  0   5 243.1 241.2 249.3 251.5 251.5 254.0 259.1 267.7 272.4 267.6 261.1 256.5
  5  10 244.3 243.3 254.1 260.4 263.4 265.2 267.7 272.4 272.4 264.0 255.8 249.8
 10  15 248.6 249.2 261.5 270.4 275.6 276.3 277.5 278.7 275.1 262.9 250.1 241.7
 15  20 255.4 257.9 269.7 280.5 285.1 283.8 284.3 282.6 276.8 262.5 247.6 237.2
 20  25 265.4 268.8 279.2 291.2 294.5 291.2 290.6 286.2 277.4 264.0 250.0 237.3
 25  30 278.1 283.8 294.6 306.1 307.4 298.7 296.0 289.8 279.8 268.4 256.6 246.6
 30  35 299.7 309.0 318.5 324.2 321.5 306.0 300.5 292.9 283.5 274.5 269.2 266.5
 35  40 329.1 339.9 347.6 345.8 333.2 316.3 304.6 295.8 288.1 282.1 287.0 294.9
 40  45 358.7 370.9 376.2 368.8 345.7 332.0 311.6 300.7 294.2 293.1 306.7 325.7
 45  50 381.6 395.6 402.3 390.3 363.4 347.5 321.8 308.0 300.5 305.5 324.2 350.4
 50  55 391.9 414.0 423.2 405.5 379.2 358.2 330.4 313.1 307.2 314.9 336.1 363.9
 55  60 391.4 424.6 436.8 414.1 389.8 361.5 332.0 316.9 310.5 318.4 339.2 368.9
 60  65   0.0 427.6 441.0 420.3 396.9 356.3 326.7 316.3 309.9 318.0 337.1   0.0
 65  70   0.0 428.3 442.3 424.4 398.7 351.0 318.2 309.7 305.3 313.3   0.0   0.0
 70  75   0.0   0.0 449.2 427.4 399.4 350.8 319.5 303.9 302.0   0.0   0.0   0.0
 75  80   0.0   0.0 455.2 430.4 400.7 354.1 325.6 298.1 296.8   0.0   0.0   0.0
 80  85   0.0   0.0   0.0 433.4 399.4 356.6 330.1 295.2   0.0   0.0   0.0   0.0
 85  90   0.0   0.0   0.0   0.0   0.0   0.0   0.0   0.0   0.0   0.0   0.0   0.0
2019 GTO-ECV_CCI_OMI_ext Melanie.Coldewey-Egbers@dlr.de
        Jan   Feb   Mar   Apr   May   Jun   Jul   Aug   Sep   Oct   Nov   Dec
-90 -85   0.0   0.0   0.0   0.0   0.0   0.0   0.0   0.0   0.0   0.0   0.0   0.0
-85 -80 288.0 271.6   0.0   0.0   0.0   0.0   0.0   0.0   0.0 254.1 334.9 313.8
-80 -75 288.9 274.9 279.4   0.0   0.0   0.0   0.0   0.0   0.0 281.2 335.6 312.2
-75 -70 292.5 283.4 287.4   0.0   0.0   0.0   0.0   0.0   0.0 309.9 340.0 313.0
-70 -65 300.6 292.3 296.9   0.0   0.0   0.0   0.0   0.0 324.0 336.7 347.5 320.4
-65 -60 308.0 299.9 302.1 302.0   0.0   0.0   0.0   0.0 353.1 355.8 351.4 330.9
-60 -55 308.5 302.2 301.1 302.5 306.6   0.0   0.0 332.4 371.2 368.0 352.6 336.5
-55 -50 302.2 296.7 290.7 296.1 304.9 315.6 333.9 348.7 373.0 371.6 349.0 334.3
-50 -45 291.9 287.7 280.6 287.9 299.4 315.1 334.4 350.8 366.2 364.7 339.1 324.9
-45 -40 283.4 280.7 274.4 279.1 291.9 310.0 329.4 344.5 354.1 351.0 325.7 311.4
-40 -35 277.2 275.3 270.7 271.1 280.1 297.2 315.6 327.7 337.1 335.7 312.5 298.6
-35 -30 271.5 268.8 267.9 265.0 268.4 280.3 296.4 304.7 316.1 318.5 301.9 288.1
-30 -25 266.5 262.7 262.7 259.7 260.0 266.6 278.9 285.8 295.1 302.4 292.4 279.5
-25 -20 262.2 258.8 258.1 255.0 254.7 258.4 267.4 273.5 279.7 289.4 283.6 272.8
-20 -15 259.0 258.4 257.7 253.9 252.7 254.1 260.6 266.7 270.3 277.2 273.6 266.3
-15 -10 257.9 260.0 260.2 256.5 253.4 254.0 256.6 262.3 261.6 267.7 264.7 260.0
-10  -5 257.3 260.6 262.0 259.9 256.8 256.1 257.5 261.1 259.0 263.6 258.6 253.5
 -5   0 256.7 260.1 263.3 263.1 260.9 261.1 263.6 265.1 261.2 261.6 254.2 248.6
  0   5 254.7 258.0 263.0 264.2 263.5 264.6 268.0 268.5 262.5 260.1 252.2 246.6
  5  10 249.6 251.5 258.9 263.0 266.3 267.8 270.4 270.2 262.8 261.0 253.7 246.7
 10  15 242.3 243.7 254.9 262.8 269.4 272.7 273.9 273.1 264.5 263.6 255.3 248.4
 15  20 237.7 239.7 253.7 266.5 275.4 278.9 279.0 276.7 266.8 264.9 256.1 251.2
 20  25 238.4 241.4 256.5 275.8 284.0 286.2 285.9 281.7 270.3 266.7 259.1 256.9
 25  30 249.2 251.8 268.5 291.4 296.2 295.4 292.1 286.4 275.1 270.7 264.1 269.4
 30  35 273.2 273.6 294.2 311.6 312.4 307.9 298.1 290.4 279.6 276.5 275.2 290.0
 35  40 305.1 307.3 331.1 336.7 335.1 324.1 306.3 296.0 285.3 283.6 291.5 313.6
 40  45 333.9 347.0 365.2 362.6 358.1 342.1 318.2 305.1 291.5 289.3 308.1 337.6
 45  50 355.1 381.7 389.9 384.1 374.6 355.2 330.0 314.1 298.8 296.7 323.1 353.2
 50  55 370.3 404.4 409.1 401.4 384.0 361.0 338.8 318.4 306.6 307.0 333.1 361.8
 55  60 386.3 419.2 422.3 414.8 390.7 360.0 339.0 317.2 310.7 314.1 335.4 364.5
 60  65   0.0 429.0 428.5 420.8 397.5 356.0 331.5 314.8 310.3 315.1 332.1   0.0
 65  70   0.0 427.9 430.2 425.7 401.8 356.0 323.9 310.1 303.5 309.4   0.0   0.0
 70  75   0.0   0.0 436.5 434.2 405.7 360.9 322.4 304.3 296.0   0.0   0.0   0.0
 75  80   0.0   0.0 440.7 441.1 408.0 363.2 321.7 300.8 286.3   0.0   0.0   0.0
 80  85   0.0   0.0   0.0 448.1 401.9 360.7 322.4 300.8   0.0   0.0   0.0   0.0
 85  90   0.0   0.0   0.0   0.0   0.0   0.0   0.0   0.0   0.0   0.0   0.0   0.0
2020 GTO-ECV_CCI_OMI_ext Melanie.Coldewey-Egbers@dlr.de
        Jan   Feb   Mar   Apr   May   Jun   Jul   Aug   Sep   Oct   Nov   Dec
-90 -85   0.0   0.0   0.0   0.0   0.0   0.0   0.0   0.0   0.0   0.0   0.0   0.0
-85 -80 298.5 285.6   0.0   0.0   0.0   0.0   0.0   0.0   0.0 134.0 156.3 230.5
-80 -75 297.1 289.3 286.4   0.0   0.0   0.0   0.0   0.0   0.0 150.5 173.1 244.3
-75 -70 299.9 296.5 295.7   0.0   0.0   0.0   0.0   0.0   0.0 182.4 200.9 262.9
-70 -65 310.7 305.1 300.8   0.0   0.0   0.0   0.0   0.0 219.2 232.7 245.1 281.0
-65 -60 319.9 310.1 302.8 296.9   0.0   0.0   0.0   0.0 282.1 288.0 294.7 300.3
-60 -55 323.1 311.5 301.0 301.7 309.6   0.0   0.0 322.6 335.4 330.9 322.2 309.9
-55 -50 317.3 302.8 289.8 298.3 309.0 317.4 326.2 335.2 354.4 348.2 331.0 309.4
-50 -45 304.4 291.1 281.2 290.4 303.6 315.1 327.2 335.9 352.9 343.3 328.4 301.7
-45 -40 291.4 283.4 277.8 281.3 294.5 306.9 320.9 329.9 343.3 333.1 321.7 292.1
-40 -35 282.8 278.9 274.5 273.3 282.7 292.6 306.4 318.0 329.2 322.3 313.5 285.2
-35 -30 276.3 274.0 270.2 266.1 271.0 278.8 289.1 301.5 311.1 309.2 302.6 279.1
-30 -25 270.6 268.5 265.1 261.6 262.2 268.1 275.5 285.3 292.9 295.9 290.5 274.2
-25 -20 266.4 264.5 261.5 258.3 255.7 260.9 265.8 272.7 278.6 284.0 280.7 269.7
-20 -15 263.0 261.5 259.9 255.8 250.8 253.7 258.6 264.5 269.7 276.6 274.8 266.5
-15 -10 258.7 259.4 258.7 255.3 249.8 251.0 254.6 259.8 266.5 271.9 270.5 263.7
-10  -5 253.0 256.5 257.9 255.2 249.6 251.9 257.3 262.1 267.5 269.9 266.6 259.4
 -5   0 247.4 253.0 257.6 255.4 250.2 255.8 262.9 267.4 270.0 270.1 263.8 255.8
  0   5 244.7 251.0 257.5 257.2 252.7 258.9 266.1 270.3 270.1 268.3 261.7 253.0
  5  10 245.6 252.4 259.7 262.4 259.8 264.5 269.5 271.5 269.8 267.7 260.8 251.5
 10  15 250.0 257.8 264.9 270.4 269.0 273.0 275.3 273.2 270.5 267.4 260.4 251.5
 15  20 257.5 265.8 272.3 279.3 279.2 279.9 279.0 275.3 271.2 267.1 261.7 252.5
 20  25 265.2 275.4 282.8 289.5 290.3 285.5 281.3 277.2 271.4 266.7 264.2 256.4
 25  30 279.5 285.3 297.0 303.8 299.6 289.6 283.0 279.6 272.7 266.6 267.1 266.2
 30  35 304.1 302.9 317.4 323.2 309.8 295.7 287.3 283.0 276.8 269.1 272.7 282.5
 35  40 333.6 328.9 340.2 344.1 324.4 307.7 295.6 289.0 283.0 274.0 281.9 303.3
 40  45 360.6 359.1 362.5 362.4 341.5 324.8 308.0 298.0 289.4 283.0 293.1 323.1
 45  50 379.9 387.5 381.4 375.1 355.3 339.0 320.0 308.5 294.8 295.9 306.4 338.7
 50  55 390.0 407.4 395.1 381.2 364.2 347.7 326.6 315.4 302.2 307.9 318.2 349.5
 55  60 392.1 414.7 399.8 381.6 367.9 350.1 329.1 315.5 307.1 315.5 326.8 356.7
 60  65   0.0 403.3 389.9 375.4 371.4 344.5 324.2 311.2 308.4 319.1 328.0   0.0
 65  70   0.0 378.2 371.4 365.4 369.4 337.4 316.2 304.4 303.6 315.9   0.0   0.0
 70  75   0.0   0.0 344.5 351.2 366.7 335.8 310.5 296.4 297.9   0.0   0.0   0.0
 75  80   0.0   0.0 299.1 326.8 364.6 336.0 303.3 286.2 291.0   0.0   0.0   0.0
 80  85   0.0   0.0   0.0 310.5 364.4 336.3 293.9 274.4   0.0   0.0   0.0   0.0
 85  90   0.0   0.0   0.0   0.0   0.0   0.0   0.0   0.0   0.0   0.0   0.0   0.0
