 1978 SBUV Merged                  jeannette.wild@noaa.gov
 lat1 lat2 Jan Feb Mar Apr May Jun Jul Aug Sep Oct Nov Dec
  -90  -85   0   0   0   0   0   0   0   0   0   0   0   0
  -85  -80   0   0   0   0   0   0   0   0   0   0 338 332
  -80  -75   0   0   0   0   0   0   0   0   0   0 350 335
  -75  -70   0   0   0   0   0   0   0   0   0   0 364 341
  -70  -65   0   0   0   0   0   0   0   0   0   0 376 346
  -65  -60   0   0   0   0   0   0   0   0   0   0 377 349
  -60  -55   0   0   0   0   0   0   0   0   0   0 373 347
  -55  -50   0   0   0   0   0   0   0   0   0   0 363 337
  -50  -45   0   0   0   0   0   0   0   0   0   0 347 325
  -45  -40   0   0   0   0   0   0   0   0   0   0 331 315
  -40  -35   0   0   0   0   0   0   0   0   0   0 318 307
  -35  -30   0   0   0   0   0   0   0   0   0   0 307 298
  -30  -25   0   0   0   0   0   0   0   0   0   0 298 287
  -25  -20   0   0   0   0   0   0   0   0   0   0 286 277
  -20  -15   0   0   0   0   0   0   0   0   0   0 277 269
  -15  -10   0   0   0   0   0   0   0   0   0   0 269 263
  -10   -5   0   0   0   0   0   0   0   0   0   0 263 257
   -5    0   0   0   0   0   0   0   0   0   0   0 259 252
    0    5   0   0   0   0   0   0   0   0   0   0 257 251
    5   10   0   0   0   0   0   0   0   0   0   0 259 253
   10   15   0   0   0   0   0   0   0   0   0   0 262 256
   15   20   0   0   0   0   0   0   0   0   0   0 264 259
   20   25   0   0   0   0   0   0   0   0   0   0 266 264
   25   30   0   0   0   0   0   0   0   0   0   0 269 272
   30   35   0   0   0   0   0   0   0   0   0   0 274 282
   35   40   0   0   0   0   0   0   0   0   0   0 280 297
   40   45   0   0   0   0   0   0   0   0   0   0 289 317
   45   50   0   0   0   0   0   0   0   0   0   0 300 337
   50   55   0   0   0   0   0   0   0   0   0   0 312 345
   55   60   0   0   0   0   0   0   0   0   0   0 319 341
   60   65   0   0   0   0   0   0   0   0   0   0 323   0
   65   70   0   0   0   0   0   0   0   0   0   0 316   0
   70   75   0   0   0   0   0   0   0   0   0   0   0   0
   75   80   0   0   0   0   0   0   0   0   0   0   0   0
   80   85   0   0   0   0   0   0   0   0   0   0   0   0
   85   90   0   0   0   0   0   0   0   0   0   0   0   0
 1979 SBUV Merged                  jeannette.wild@noaa.gov
 lat1 lat2 Jan Feb Mar Apr May Jun Jul Aug Sep Oct Nov Dec
  -90  -85   0   0   0   0   0   0   0   0   0   0   0   0
  -85  -80 303 288 288   0   0   0   0   0   0 293 335 341
  -80  -75 304 289 290   0   0   0   0   0 266 291 339 340
  -75  -70 309 297 297 297   0   0   0 300 286 317 350 340
  -70  -65 317 307 301 307 302   0   0 319 313 360 370 346
  -65  -60 327 312 302 312 311   0 342 339 344 394 381 354
  -60  -55 330 311 299 311 319 334 346 349 362 403 382 358
  -55  -50 322 304 295 304 317 333 349 352 367 394 371 353
  -50  -45 310 294 290 293 308 331 349 356 370 378 357 338
  -45  -40 298 287 284 285 301 324 342 354 362 362 344 322
  -40  -35 290 281 280 281 292 312 326 343 352 346 332 310
  -35  -30 282 274 275 278 285 295 305 323 334 328 319 301
  -30  -25 274 266 267 272 276 281 289 300 315 311 306 292
  -25  -20 266 259 261 264 269 272 277 284 298 296 292 283
  -20  -15 260 255 257 260 263 266 268 275 284 281 279 273
  -15  -10 256 253 255 258 257 260 261 266 274 270 269 264
  -10   -5 251 250 254 257 254 254 257 263 269 262 262 257
   -5    0 247 248 254 256 254 254 257 263 266 257 257 255
    0    5 245 246 254 259 258 257 262 267 266 255 252 252
    5   10 246 247 258 267 268 267 271 274 270 257 251 248
   10   15 250 254 266 279 280 278 279 280 277 262 254 246
   15   20 256 263 276 289 291 287 283 282 279 265 256 248
   20   25 265 273 289 302 302 295 288 286 280 269 263 255
   25   30 281 290 306 318 314 307 294 294 285 274 269 264
   30   35 307 317 332 337 331 318 302 301 291 278 275 281
   35   40 339 353 363 360 349 332 312 305 296 283 285 302
   40   45 364 385 388 384 368 347 323 309 300 291 297 323
   45   50 376 406 406 402 382 357 336 316 307 302 312 338
   50   55 383 420 419 414 391 365 342 325 310 314 323 350
   55   60 382 427 433 422 396 371 345 329 313 321 331 361
   60   65 401 430 452 429 402 370 340 325 312 319 329   0
   65   70   0 446 468 436 403 364 330 317 309 313 329   0
   70   75   0   0 469 442 405 361 320 309 305 304   0   0
   75   80   0   0 476 449 403 358 316 301 297   0   0   0
   80   85   0   0   0 454 401 354 315 296 287   0   0   0
   85   90   0   0   0   0   0   0   0   0   0   0   0   0
 1980 SBUV Merged                  jeannette.wild@noaa.gov
 lat1 lat2 Jan Feb Mar Apr May Jun Jul Aug Sep Oct Nov Dec
  -90  -85   0   0   0   0   0   0   0   0   0   0   0   0
  -85  -80 316 295 299   0   0   0   0   0   0 241 308 337
  -80  -75 313 301 302   0   0   0   0   0 247 250 310 340
  -75  -70 315 308 307 298   0   0   0 282 269 279 323 343
  -70  -65 323 314 311 310   0   0   0 312 299 328 345 347
  -65  -60 333 319 312 318 331   0 340 341 340 373 362 349
  -60  -55 336 319 309 320 334 340 350 362 372 388 366 345
  -55  -50 331 312 304 312 331 339 351 361 373 373 355 336
  -50  -45 318 301 295 300 319 327 343 349 356 355 339 321
  -45  -40 305 291 286 290 302 315 328 333 341 339 323 305
  -40  -35 296 285 279 281 284 300 310 318 326 324 311 294
  -35  -30 288 278 271 273 271 282 288 300 309 309 301 287
  -30  -25 279 271 264 265 263 264 269 285 294 296 293 280
  -25  -20 273 265 258 257 255 254 258 271 281 286 282 272
  -20  -15 268 261 254 250 249 247 252 261 271 276 273 266
  -15  -10 261 256 253 249 249 248 253 260 267 270 266 261
  -10   -5 257 254 254 253 255 258 262 269 272 270 265 259
   -5    0 256 255 256 259 263 266 272 277 280 272 264 257
    0    5 254 254 257 261 266 270 277 280 281 272 263 257
    5   10 248 248 253 259 266 272 278 281 281 271 263 256
   10   15 244 243 249 259 270 277 281 282 280 271 264 256
   15   20 245 246 251 266 279 283 284 283 279 270 263 257
   20   25 254 256 264 281 293 290 288 284 280 273 264 261
   25   30 268 274 288 300 309 301 294 290 284 277 267 270
   30   35 292 304 318 322 328 314 302 298 288 280 275 289
   35   40 325 344 351 350 348 329 311 305 294 285 288 314
   40   45 356 384 383 376 369 344 323 313 300 294 304 332
   45   50 374 409 413 404 386 360 336 320 309 307 321 340
   50   55 388 415 436 421 397 370 345 326 316 316 330 344
   55   60 391 418 445 432 403 372 347 326 320 320 340 348
   60   65 390 412 451 439 406 369 342 320 315 319 337   0
   65   70   0 422 458 450 405 364 334 312 307   0   0   0
   70   75   0   0 465 461 406 363 332 307 301   0   0   0
   75   80   0   0 481 467 404 362 328 310   0   0   0   0
   80   85   0   0   0 465 403 358 322 331   0   0   0   0
   85   90   0   0   0   0   0   0   0   0   0   0   0   0
 1981 SBUV Merged                  jeannette.wild@noaa.gov
 lat1 lat2 Jan Feb Mar Apr May Jun Jul Aug Sep Oct Nov Dec
  -90  -85   0   0   0   0   0   0   0   0   0   0   0   0
  -85  -80 304 278 263   0   0   0   0   0   0 242 293 334
  -80  -75 305 286 279   0   0   0   0   0 268 252 310 335
  -75  -70 310 293 291 293   0   0   0 293 282 276 333 339
  -70  -65 315 304 299 305 317   0   0 314 305 316 357 343
  -65  -60 322 310 305 312 320   0 334 332 343 366 371 344
  -60  -55 324 310 305 314 321 322 336 347 375 395 368 340
  -55  -50 320 304 298 308 317 320 337 356 383 389 353 331
  -50  -45 308 293 287 295 309 317 335 354 379 373 340 321
  -45  -40 297 286 278 282 300 311 328 348 361 358 330 310
  -40  -35 288 279 276 274 290 307 319 338 345 344 322 301
  -35  -30 279 272 273 271 279 295 306 319 326 329 312 294
  -30  -25 272 266 267 268 270 280 293 301 309 314 301 286
  -25  -20 266 261 260 262 263 270 279 285 294 298 291 279
  -20  -15 262 258 257 257 258 263 267 273 280 284 280 272
  -15  -10 258 255 256 256 256 258 260 265 272 273 271 265
  -10   -5 257 254 257 256 255 255 257 262 268 266 261 255
   -5    0 256 253 257 256 255 255 258 263 265 261 253 247
    0    5 254 251 256 258 257 260 262 266 265 258 250 244
    5   10 254 248 256 262 265 267 268 271 268 262 254 247
   10   15 256 250 261 272 276 275 276 277 274 268 260 251
   15   20 259 259 269 283 285 281 280 280 276 270 263 255
   20   25 262 269 280 294 296 288 286 283 278 273 266 262
   25   30 274 285 295 310 309 297 293 289 281 276 269 271
   30   35 298 308 320 330 325 308 302 296 286 279 273 283
   35   40 335 341 354 356 349 324 310 303 293 283 286 306
   40   45 365 375 385 376 370 346 319 310 301 293 304 329
   45   50 376 400 407 393 384 361 330 318 309 303 322 348
   50   55 372 416 423 405 391 365 338 321 311 311 331 360
   55   60 369 422 428 418 393 363 338 318 311 318 338 364
   60   65 387 421 432 424 391 357 334 314 308 318 336   0
   65   70   0 423 438 428 391 355 329 308 302 315 331   0
   70   75   0 442 443 430 392 357 327 301 295 305   0   0
   75   80   0   0 439 424 392 357 323 295 290   0   0   0
   80   85   0   0   0 424 390 353 318 300   0   0   0   0
   85   90   0   0   0   0   0   0   0   0   0   0   0   0
 1982 SBUV Merged                  jeannette.wild@noaa.gov
 lat1 lat2 Jan Feb Mar Apr May Jun Jul Aug Sep Oct Nov Dec
  -90  -85   0   0   0   0   0   0   0   0   0   0   0   0
  -85  -80 296 279 281   0   0   0   0   0   0 251 282 326
  -80  -75 297 283 287   0   0   0   0   0 245 251 284 323
  -75  -70 300 292 295 299   0   0   0 274 263 273 311 325
  -70  -65 309 304 303 310 301   0   0 292 289 314 337 331
  -65  -60 321 312 306 309 304   0 329 320 325 343 354 336
  -60  -55 328 312 302 298 307 315 331 342 348 356 357 337
  -55  -50 324 306 293 289 308 319 335 349 352 361 350 332
  -50  -45 311 295 285 283 305 322 334 342 349 355 338 319
  -45  -40 298 287 281 280 300 319 327 334 342 345 325 304
  -40  -35 290 282 279 278 290 308 316 322 331 331 315 295
  -35  -30 283 276 273 277 282 293 297 306 315 314 304 291
  -30  -25 275 269 268 273 277 279 280 289 299 300 293 285
  -25  -20 267 264 264 267 269 269 270 275 285 287 283 277
  -20  -15 263 261 262 260 259 258 263 264 272 274 273 268
  -15  -10 257 257 258 256 252 251 256 260 266 267 267 263
  -10   -5 250 251 253 252 251 252 257 263 267 267 265 259
   -5    0 244 245 249 250 251 258 264 270 272 269 264 256
    0    5 241 242 249 252 254 263 269 274 274 266 261 254
    5   10 242 245 253 260 261 267 270 273 273 262 257 248
   10   15 246 251 263 272 268 270 272 272 270 260 252 242
   15   20 252 261 276 285 277 275 273 271 268 260 253 243
   20   25 264 274 294 299 298   0 278 276 271 264 258 250
   25   30 280 293 314 317 315 300 291 286 280 272 265 261
   30   35 302 321 337 337 330 313 304 298 290 280 273 277
   35   40 334 356 360 358 349 328 315 303 297 286 284 295
   40   45 367 388 382 378 366 347 329 309 301 293 297 316
   45   50 390 411 405 394 381 365 340 319 306 301 309 330
   50   55 405 426 425 407 395 373 347 326 308 309 318 332
   55   60 408 430 436 420 404 372 347 331 315 316 325 333
   60   65 422 428 443 434 408 368 340 326 317 320 325   0
   65   70   0 427 438 447 411 362 331 318 313 314 318   0
   70   75   0 412 431 461 413 359 326 307 306 301   0   0
   75   80   0   0 442 471 409 354 322 296 291   0   0   0
   80   85   0   0   0 473 406 350 319 287 277   0   0   0
   85   90   0   0   0   0   0   0   0   0   0   0   0   0
 1983 SBUV Merged                  jeannette.wild@noaa.gov
 lat1 lat2 Jan Feb Mar Apr May Jun Jul Aug Sep Oct Nov Dec
  -90  -85   0   0   0   0   0   0   0   0   0   0   0   0
  -85  -80 302 290 290   0   0   0   0   0   0 206 314 320
  -80  -75 302 293 291   0   0   0   0   0 226 224 316 320
  -75  -70 302 296 299 293   0   0   0 282 252 258 331 321
  -70  -65 308 303 304 309 311   0   0 308 285 310 345 327
  -65  -60 317 309 307 318 321   0 340 330 328 355 354 332
  -60  -55 323 309 303 316 323 327 336 339 359 371 352 331
  -55  -50 320 304 297 304 318 326 332 340 368 368 341 324
  -50  -45 310 296 291 292 307 320 329 342 365 358 331 313
  -45  -40 299 289 283 284 294 312 326 343 357 346 323 302
  -40  -35 291 283 277 276 283 301 318 333 341 335 315 295
  -35  -30 285 277 271 270 274 288 304 313 323 322 306 289
  -30  -25 276 270 265 265 269 277 288 297 306 309 296 282
  -25  -20 268 263 260 259 263 269 276 283 291 296 286 274
  -20  -15 262 258 256 254 257 262 265 269 276 281 274 267
  -15  -10 258 256 255 254 253 255 257 261 268 270 263 259
  -10   -5 256 255 256 255 251 251 252 257 263 263 255 251
   -5    0 252 251 253 254 251 251 253 259 262 258 249 244
    0    5 249 246 249 253 252 255 258 263 262 256 247 242
    5   10 243 239 244 254 259 262 263 267 265 258 249 244
   10   15 239 238 246 260 270 270 268 271 270 263 254 249
   15   20 241 244 254 270 278 277 273 274 271 265 257 253
   20   25 247 253 264 283 289 285 279 279 273 267 258 258
   25   30 261 269 280 296 303 293 288 286 277 271 261 266
   30   35 281 297 307 316 317 305 297 294 282 274 268 281
   35   40 307 328 341 343 332 320 306 299 287 280 283 306
   40   45 333 358 366 364 349 338 319 303 295 288 301 333
   45   50 350 379 382 378 365 351 331 308 301 297 316 349
   50   55 359 388 396 388 376 354 334 314 305 305 324 352
   55   60 360 388 408 398 381 352 333 314 307 310 325 349
   60   65 382 383 420 405 384 347 327 312 303 311 322   0
   65   70   0 387 429 413 387 344 320 307 299 306   0   0
   70   75   0   0 431 425 389 345 316 299 293 293   0   0
   75   80   0   0 436 434 388 349 310 287 288   0   0   0
   80   85   0   0   0 428 385 351 306 278 288   0   0   0
   85   90   0   0   0   0   0   0   0   0   0   0   0   0
 1984 SBUV Merged                  jeannette.wild@noaa.gov
 lat1 lat2 Jan Feb Mar Apr May Jun Jul Aug Sep Oct Nov Dec
  -90  -85   0   0   0   0   0   0   0   0   0   0   0   0
  -85  -80 297 276 290   0   0   0   0   0   0 213 277 304
  -80  -75 297 284 282   0   0   0   0   0 221 221 290 308
  -75  -70 299 291 286 288   0   0   0 267 247 255 313 315
  -70  -65 307 299 293 293 288   0   0 288 279 299 341 322
  -65  -60 314 304 296 301 302   0 324 314 319 338 357 328
  -60  -55 316 303 296 303 314 331 334 338 346 360 359 329
  -55  -50 312 298 291 296 319 336 342 353 359 367 351 327
  -50  -45 303 290 282 287 313 335 346 360 363 360 338 318
  -45  -40 293 285 277 280 302 325 340 355 361 349 326 307
  -40  -35 287 279 273 275 289 310 329 342 350 334 313 297
  -35  -30 281 274 269 273 279 292 311 321 331 319 301 289
  -30  -25 273 266 261 268 272 277 290 299 309 305 290 280
  -25  -20 266 260 254 261 265 266 274 280 292 292 281 271
  -20  -15 260 256 250 255 256 256 261 265 274 276 268 264
  -15  -10 255 253 247 250 250 249 251 256 266 267 262 260
  -10   -5 248 247 243 246 245 244 248 255 264 264 260 257
   -5    0 241 242 241 245 243 243 249 257 264 263 259 258
    0    5 238 239 241 248 247 248 254 260 264 260 256 256
    5   10 240 242 246 257 258 259 263 266 266 258 251 250
   10   15 246 248 253 268 271 271 272 273 270 259 248 243
   15   20 254 259 263 279 281 280 279 277 272 261 247 239
   20   25 265 272 277 292 294 288 285 282 275 264 249 243
   25   30 278 286 294 308 308 299 292 288 280 268 255 255
   30   35 299 309 323 325 322 307 299 295 285 273 263 272
   35   40 329 341 361 350 341 320 305 300 290 279 278 296
   40   45 355 372 391 373 364 337 314 305 297 288 298 321
   45   50 371 394 408 392 379 351 326 311 307 303 317 338
   50   55 379 399 417 404 387 361 335 315 313 316 331 350
   55   60 381 396 424 415 391 364 335 315 312 322 334 355
   60   65 384 393 433 427 392 361 331 313 308 319 323   0
   65   70   0 407 443 438 394 356 325 310 299 309 315   0
   70   75   0   0 450 446 395 354 321 306 289 297   0   0
   75   80   0   0 471 443 397 355 318 295 279   0   0   0
   80   85   0   0   0 431 399 355 316 287 270   0   0   0
   85   90   0   0   0   0   0   0   0   0   0   0   0   0
 1985 SBUV Merged                  jeannette.wild@noaa.gov
 lat1 lat2 Jan Feb Mar Apr May Jun Jul Aug Sep Oct Nov Dec
  -90  -85   0   0   0   0   0   0   0   0   0   0   0   0
  -85  -80 287 275 264   0   0   0   0   0   0 183 254 302
  -80  -75 289 279 272   0   0   0   0   0 208 196 257 303
  -75  -70 297 285 284 281   0   0   0 271 233 230 280 306
  -70  -65 304 294 294 291 296   0   0 291 267 270 305 311
  -65  -60 311 302 299 298 303   0 315 314 309 306 325 312
  -60  -55 313 305 297 299 307 313 314 326 332 329 332 309
  -55  -50 308 299 290 293 304 318 316 328 335 338 327 303
  -50  -45 300 291 280 284 294 311 316 324 333 334 317 294
  -45  -40 292 282 273 275 284 296 310 317 329 329 306 287
  -40  -35 284 276 271 269 273 283 298 308 318 319 297 282
  -35  -30 277 269 266 265 264 270 281 292 303 306 289 277
  -30  -25 269 262 260 259 256 260 268 277 289 293 282 271
  -25  -20 263 258 255 252 251 253 261 267 277 281 276 265
  -20  -15 257 255 254 250 248 247 254 260 268 272 271 261
  -15  -10 254 255 255 253 251 248 252 257 265 266 264 257
  -10   -5 254 257 258 258 258 255 260 265 268 266 260 252
   -5    0 255 259 262 264 264 265 269 273 275 269 257 249
    0    5 255 258 263 267 268 270 274 277 277 269 257 248
    5   10 249 251 257 267 271 273 276 278 277 269 258 248
   10   15 242 244 253 268 274 277 279 278 276 268 259 251
   15   20 235 240 253 270 279 280 279 277 275 268 259 254
   20   25 236 244 261 277 288 283 281 279 275 271 261 256
   25   30 247 256 272 290 299 289 287 284 278 274 267 265
   30   35 268 280 291 305 312 299 295 290 282 275 277 281
   35   40 304 317 316 324 327 315 302 296 289 279 289 305
   40   45 344 354 351 346 344 334 310 303 295 285 303 334
   45   50 371 385 384 369 361 350 322 312 300 296 317 352
   50   55 381 404 405 396 378 361 334 318 305 307 323 357
   55   60 385 415 419 416 390 363 338 318 307 315 319 352
   60   65 407 419 432 432 393 358 335 315 307 313 313   0
   65   70   0 426 442 444 393 352 327 310 302 305   0   0
   70   75   0 417 454 452 392 350 321 303 294 298   0   0
   75   80   0   0 476 450 391 347 316 295 283   0   0   0
   80   85   0   0   0 438 392 344 310 289 272   0   0   0
   85   90   0   0   0   0   0   0   0   0   0   0   0   0
 1986 SBUV Merged                  jeannette.wild@noaa.gov
 lat1 lat2 Jan Feb Mar Apr May Jun Jul Aug Sep Oct Nov Dec
  -90  -85   0   0   0   0   0   0   0   0   0   0   0   0
  -85  -80 278 266 249   0   0   0   0   0   0 204 300 314
  -80  -75 279 266 259   0   0   0   0   0 218 216 317 315
  -75  -70 285 272 269 269   0   0   0 267 245 252 326 319
  -70  -65 293 280 278 283 287   0   0 298 285 297 336 326
  -65  -60 299 289 285 292 304   0 321 326 330 335 345 330
  -60  -55 299 292 287 295 313 321 329 350 356 358 349 328
  -55  -50 295 289 284 290 314 324 333 359 364 366 345 320
  -50  -45 288 281 275 281 306 321 335 358 361 362 333 308
  -45  -40 281 275 270 272 293 311 329 349 353 352 320 298
  -40  -35 276 271 268 266 280 298 316 333 339 337 309 291
  -35  -30 269 265 265 262 268 283 296 311 320 319 299 284
  -30  -25 262 258 260 259 260 270 278 290 302 303 291 277
  -25  -20 256 255 255 254 254 263 267 276 288 290 282 270
  -20  -15 252 253 252 251 252 256 261 266 277 278 272 264
  -15  -10 251 253 251 249 249 252 255 259 267 268 262 257
  -10   -5 248 252 251 249 248 248 251 254 262 261 253 250
   -5    0 245 250 251 249 249 250 254 255 260 257 246 243
    0    5 243 248 251 252 251 255 259 258 259 254 244 241
    5   10 242 247 253 257 261 263 266 263 262 256 246 244
   10   15 246 252 260 268 272 272 272 269 268 262 252 249
   15   20 251 262 272 282 282 279 277 271 271 265 255 254
   20   25 256 271 282 293 293 286 281 274 273 268 258 258
   25   30 271 283 293 305 303 292 287 281 277 273 261 263
   30   35 292 306 316 320 316 302 294 289 283 278 272 275
   35   40 326 341 345 342 332 314 302 295 289 283 288 298
   40   45 360 377 369 365 348 331 313 302 294 290 306 325
   45   50 379 400 388 381 361 346 325 310 299 297 323 342
   50   55 389 408 402 394 373 355 333 315 301 304 329 350
   55   60 391 401 413 408 382 356 333 317 304 308 329 351
   60   65 390 389 421 417 391 351 326 313 305 307 319   0
   65   70   0 385 427 425 392 345 317 305 302 301   0   0
   70   75   0 362 431 434 388 344 313 299 295 296   0   0
   75   80   0   0 461 444 383 343 310 295 286   0   0   0
   80   85   0   0   0 441 379 341 307 292 277   0   0   0
   85   90   0   0   0   0   0   0   0   0   0   0   0   0
 1987 SBUV Merged                  jeannette.wild@noaa.gov
 lat1 lat2 Jan Feb Mar Apr May Jun Jul Aug Sep Oct Nov Dec
  -90  -85   0   0   0   0   0   0   0   0   0   0   0   0
  -85  -80 296 282 282   0   0   0   0   0   0 152 203 307
  -80  -75 294 286 285   0   0   0   0   0 178 161 196 309
  -75  -70 298 288 293 289   0   0   0 241 207 188 216 311
  -70  -65 306 293 299 299 298   0   0 270 234 233 257 318
  -65  -60 312 298 297 304 300   0 307 300 281 290 303 320
  -60  -55 312 299 291 300 302 320 321 322 326 337 333 318
  -55  -50 306 294 285 291 301 319 321 329 345 351 338 313
  -50  -45 296 286 277 279 292 312 320 328 347 349 332 304
  -45  -40 285 278 273 271 285 304 314 327 340 341 324 291
  -40  -35 278 272 269 269 278 292 308 321 331 330 316 282
  -35  -30 272 265 266 268 271 281 297 306 315 314 306 276
  -30  -25 266 258 262 264 266 270 283 287 297 300 293 273
  -25  -20 261 252 256 260 261 262 268 272 279 284 280 268
  -20  -15 257 248 252 254 252 252 255 260 267 272 269 262
  -15  -10 252 244 248 250 246 245 248 256 263 269 265 258
  -10   -5 245 238 244 247 244 245 252 262 269 271 266 257
   -5    0 238 234 241 245 244 249 260 270 276 274 267 257
    0    5 236 232 241 248 248 255 264 273 276 273 266 256
    5   10 239 235 246 257 259 262 268 272 273 268 261 251
   10   15 244 241 253 267 272 272 273 273 271 264 254 244
   15   20 249 248 262 278 284 283 278 276 270 262 249 240
   20   25 255 260 274 292 298 293 284 280 273 264 250 240
   25   30 265 270 291 310 313 303 292 288 279 268 254 246
   30   35 284 293 318 332 330 316 302 298 288 273 265 261
   35   40 313 329 351 358 348 331 314 305 295 282 283 287
   40   45 345 364 382 376 363 346 327 314 302 295 301 314
   45   50 365 388 406 395 379 358 338 323 308 309 318 332
   50   55 374 401 420 406 390 365 344 328 313 318 333 342
   55   60 376 413 431 415 399 367 346 329 317 323 337 352
   60   65 400 431 438 420 402 366 341 323 315 322 341   0
   65   70   0 448 439 427 401 363 334 316 310 315   0   0
   70   75   0   0 441 437 398 363 330 309 306 298   0   0
   75   80   0   0 443 435 396 360 323 300 305   0   0   0
   80   85   0   0   0 427 396 355 317 293   0   0   0   0
   85   90   0   0   0   0   0   0   0   0   0   0   0   0
 1988 SBUV Merged                  jeannette.wild@noaa.gov
 lat1 lat2 Jan Feb Mar Apr May Jun Jul Aug Sep Oct Nov Dec
  -90  -85   0   0   0   0   0   0   0   0   0   0   0   0
  -85  -80 288 276   0   0   0   0   0   0   0 234 346 339
  -80  -75 288 278 277   0   0   0   0   0 232 253 339 327
  -75  -70 292 288 286 281   0   0   0 310 254 277 349 327
  -70  -65 301 298 293 290   0   0   0 292 291 318 362 333
  -65  -60 309 302 298 296 298   0 319 327 334 355 365 337
  -60  -55 313 300 294 300 304 309 327 346 366 379 361 335
  -55  -50 309 293 285 293 304 308 327 358 374 379 349 327
  -50  -45 300 282 276 282 296 303 320 355 366 368 331 313
  -45  -40 288 276 269 274 285 297 314 349 355 349 316 301
  -40  -35 278 273 267 268 277 291 306 334 337 330 307 292
  -35  -30 272 269 263 263 270 283 294 311 321 314 299 285
  -30  -25 266 263 258 260 265 274 283 292 304 303 292 279
  -25  -20 262 259 252 255 259 268 276 278 292 291 284 272
  -20  -15 259 257 250 252 255 262 268 269 281 281 275 269
  -15  -10 257 256 250 253 252 257 259 262 271 272 267 262
  -10   -5 256 256 251 253 252 255 255 257 263 264 259 255
   -5    0 255 255 251 254 255 257 257 258 260 259 251 249
    0    5 254 253 251 256 258 262 261 260 258 256 248 247
    5   10 250 250 252 260 264 267 266 263 260 257 250 249
   10   15 244 245 253 266 275 274 272 268 265 261 255 254
   15   20 241 244 258 272 280 278 274 269 267 263 258 257
   20   25 241 251 265 277 285 281 278 273 269 266 260 258
   25   30 248 266 275 288 293 289 285 278 273 268 263 267
   30   35 269 290 297 306 308 303 293 287 279 271 268 281
   35   40 298 320 330 333 330 321 301 295 288 278 282 301
   40   45 331 350 364 359 353 339 315 302 296 291 296 322
   45   50 353 375 396 381 371 353 333 310 301 297 308 337
   50   55 362 392 415 396 384 356 343 317 303 301 317 345
   55   60 368 397 425 411 390 355 340 320 302 303 323 340
   60   65   0 398 432 425 393 353 331 314 297 303 319   0
   65   70   0 409 440 443 395 350 320 304 295 298   0   0
   70   75   0   0 451 457 392 350 316 296 295 289   0   0
   75   80   0   0 464 453 383 348 314 289 297   0   0   0
   80   85   0   0   0 433 375 345 309 284   0   0   0   0
   85   90   0   0   0   0   0   0   0   0   0   0   0   0
 1989 SBUV Merged                  jeannette.wild@noaa.gov
 lat1 lat2 Jan Feb Mar Apr May Jun Jul Aug Sep Oct Nov Dec
  -90  -85   0   0   0   0   0   0   0   0   0   0   0   0
  -85  -80 291 274 271   0   0   0   0   0   0 179 251 305
  -80  -75 296 278 269   0   0   0   0   0 170 178 265 309
  -75  -70 302 289 283 278   0   0   0   0 196 211 290 309
  -70  -65 310 299 294 288 293   0   0 248 237 255 320 312
  -65  -60 317 305 296 298 309   0   0 297 285 305 343 319
  -60  -55 317 303 295 301 309   0 326 322 328 342 350 324
  -55  -50 310 295 288 294 307 320 327 332 345 355 348 320
  -50  -45 300 288 279 286 301 314 322 337 352 353 339 312
  -45  -40 292 284 278 278 293 305 319 340 349 347 328 303
  -40  -35 285 278 275 274 284 296 315 333 342 338 318 296
  -35  -30 279 271 270 272 276 289 305 322 328 324 305 290
  -30  -25 273 264 264 268 270 282 292 307 315 312 295 284
  -25  -20 267 259 259 265 267 273 282 291 302 299 286 277
  -20  -15 264 257 256 261 261 265 271 275 287 287 275 269
  -15  -10 261 255 255 258 256 259 261 266 275 276 266 262
  -10   -5 256 252 254 256 253 254 256 261 269 267 258 257
   -5    0 251 248 253 256 253 253 255 259 265 260 251 254
    0    5 248 247 255 259 256 258 260 262 264 257 248 251
    5   10 250 250 258 266 266 269 268 269 269 261 250 249
   10   15 256 256 265 276 279 280 278 278 276 269 254 247
   15   20 261 263 274 286 290 288 285 283 281 273 257 248
   20   25 263 270 283 298 301 295 290 286 282 274 260 253
   25   30 271 281 293 307 309 301 296 292 283 275 265 263
   30   35 289 300 307 319 319 308 302 297 287 278 272 277
   35   40 315 323 329 339 338 321 311 301 292 282 283 300
   40   45 341 348 352 360 355 337 321 307 298 290 296 327
   45   50 356 376 377 379 365 350 330 313 304 298 310 342
   50   55 362 402 400 394 373 356 333 317 306 306 322 347
   55   60 374 409 417 404 377 354 331 318 307 310 328 349
   60   65   0 417 435 413 382 349 326 315 305 311 331   0
   65   70   0 458 453 424 389 347 320 307 300 309 322   0
   70   75   0   0 466 430 391 349 317 297 291 303   0   0
   75   80   0   0 475 435 389 350 314 288 281 293   0   0
   80   85   0   0   0 423 382 349 315 280 273   0   0   0
   85   90   0   0   0   0   0   0   0   0   0   0   0   0
 1990 SBUV Merged                  jeannette.wild@noaa.gov
 lat1 lat2 Jan Feb Mar Apr May Jun Jul Aug Sep Oct Nov Dec
  -90  -85   0   0   0   0   0   0   0   0   0   0   0   0
  -85  -80 287 269   0   0   0   0   0   0   0 167 202 272
  -80  -75 291 277 269   0   0   0   0   0   0 172 216 277
  -75  -70 293 292 278   0   0   0   0   0 217 202 247 285
  -70  -65 300 302 287 289   0   0   0   0 255 257 281 298
  -65  -60 308 304 294 297   0   0   0 301 303 314 313 306
  -60  -55 311 300 294 300 311   0   0 332 335 345 331 310
  -55  -50 307 292 287 298 313 312 325 336 344 350 332 308
  -50  -45 298 283 281 290 303 306 321 333 339 343 324 302
  -45  -40 289 277 277 280 291 299 311 325 330 332 314 294
  -40  -35 282 276 273 272 276 288 298 312 317 320 305 288
  -35  -30 275 272 269 268 265 274 285 292 302 308 296 284
  -30  -25 270 267 266 264 260 263 271 275 287 295 289 278
  -25  -20 266 262 262 258 255 254 259 265 275 284 280 270
  -20  -15 263 258 259 255 252 248 252 258 267 273 270 262
  -15  -10 259 256 259 257 254 250 252 257 264 266 264 257
  -10   -5 257 255 261 263 261 260 263 266 270 268 263 254
   -5    0 255 255 263 268 268 269 273 275 277 272 262 253
    0    5 252 254 263 269 270 273 276 279 278 271 261 253
    5   10 247 250 260 268 272 274 278 278 276 269 262 253
   10   15 242 246 259 270 275 278 280 279 276 269 261 253
   15   20 244 249 262 274 281 282 282 280 276 269 261 254
   20   25 254 261 274 284 289 288 285 281 277 270 263 257
   25   30 268 278 290 301 301 295 290 286 281 273 267 265
   30   35 287 297 308 320 315 303 297 292 285 278 276 280
   35   40 312 320 330 341 331 315 306 299 289 280 286 301
   40   45 335 342 350 356 346 330 313 305 295 285 294 318
   45   50 357 367 370 369 356 342 322 312 303 292 304 328
   50   55 378 388 389 376 361 348 330 317 308 303 313 337
   55   60 388 405 402 383 366 351 332 316 307 309 321 345
   60   65 386 416 411 388 371 349 328 312 303 306 316   0
   65   70   0 424 408 390 374 348 321 306 297 302 305   0
   70   75   0 418 389 387 376 347 317 299 290 299   0   0
   75   80   0   0 368 375 379 346 316 289 282 293   0   0
   80   85   0   0 353 369 378 342 317 280 275   0   0   0
   85   90   0   0   0   0   0   0   0   0   0   0   0   0
 1991 SBUV Merged                  jeannette.wild@noaa.gov
 lat1 lat2 Jan Feb Mar Apr May Jun Jul Aug Sep Oct Nov Dec
  -90  -85   0   0   0   0   0   0   0   0   0   0   0   0
  -85  -80 279 257   0   0   0   0   0   0   0 202 282 297
  -80  -75 286 263   0   0   0   0   0   0   0 194 292 304
  -75  -70 293 275   0   0   0   0   0   0 195 227 310 314
  -70  -65 300 291   0 282   0   0   0   0 252 277 332 322
  -65  -60 304 299   0 293   0   0   0 291 301 323 348 330
  -60  -55 302 300   0 299   0   0   0 335 343 354 354 332
  -55  -50 294 293   0 293 303   0 338 348 361 365 351 328
  -50  -45 285 283   0 282 300 316 331 347 362 362 342 319
  -45  -40 278 273   0 271 291 313 332 345 356 353 329 309
  -40  -35 275 267   0 267 282 304 324 335 343 339 319 300
  -35  -30 271 263   0 265 273 291 306 318 325 326 309 292
  -30  -25 265 259   0 262 264 275 286 301 308 313 301 285
  -25  -20 259 255   0 257 257 263 273 287 296 304 293 278
  -20  -15 254 253   0 253 253 256 264 275 281 292 280 270
  -15  -10 251 251   0 253 252 252 258 259 262 271 264 260
  -10   -5 249 252   0 253 252 252 254 249 252 256 251 251
   -5    0 247 251   0 255 252 255 256 251 252 249 242 243
    0    5 246 249   0 257 255 260 263 259 256 249 239 240
    5   10 245 246   0 261 264 268 271 271 266 256 244 239
   10   15 246 247   0 271 277 277 278 277 272 263 250 240
   15   20 248 252   0 283 288 285 282 278 272 265 253 244
   20   25 254 261   0 296 301 295 290 282 275 268 258 254
   25   30 268 278   0 309 316 306 297 289 281 275 264 266
   30   35 291 304   0 325 328 315 303 297 287 279 269 278
   35   40 325 342   0 350 347 327 312 302 290 284 282 297
   40   45 354 377   0 375 363 343 322 307 297 291 298 313
   45   50 372 397   0 394 377 356 336 315 307 297 308 322
   50   55 385 406   0 406 387 364 344 322 313 301 313 329
   55   60 391 411   0 409 390 366 342 324 315 304 311 323
   60   65 397 417   0 413 392 363 334 319 309 305 305   0
   65   70   0 423   0 423 395 360 328 313 303 301 301   0
   70   75   0 420   0 433 396 361 326 308 294 297   0   0
   75   80   0   0   0 451 394 363 324 304 282 284   0   0
   80   85   0   0   0 459 391 361 320 299 275   0   0   0
   85   90   0   0   0   0   0   0   0   0   0   0   0   0
 1992 SBUV Merged                  jeannette.wild@noaa.gov
 lat1 lat2 Jan Feb Mar Apr May Jun Jul Aug Sep Oct Nov Dec
  -90  -85   0   0   0   0   0   0   0   0   0   0   0   0
  -85  -80 273 265   0   0   0   0   0   0   0 219 202 273
  -80  -75 280 272 265   0   0   0   0   0   0 214 222 282
  -75  -70 292 284 278   0   0   0   0   0   0 239 258 293
  -70  -65 304 295 287   0   0   0   0   0 232 271 291 302
  -65  -60 314 300 293 294   0   0   0   0 278 303 315 308
  -60  -55 316 301 296 292   0   0   0 319 324 333 327 308
  -55  -50 310 297 290 290   0   0   0 339 339 338 326 304
  -50  -45 300 290 282 284 293   0 326 334 342 335 320 298
  -45  -40 291 284 276 276 290 304 317 327 335 328 313 292
  -40  -35 285 280 274 272 284 297 308 317 322 318 305 287
  -35  -30 279 274 272 269 275 281 291 297 305 305 297 283
  -30  -25 272 268 267 264 263 266 272 278 290 292 287 277
  -25  -20 265 262 262 258 252 252 256 261 273 276 274 268
  -20  -15 260 259 259 251 244 240 244 249 257 261 261 259
  -15  -10 255 255 255 247 240 236 241 247 256 257 258 257
  -10   -5 248 250 250 246 242 241 246 254 263 263 261 258
   -5    0 242 246 247 247 247 249 257 264 271 266 263 261
    0    5 238 242 246 249 251 255 262 268 271 264 262 261
    5   10 236 242 247 254 257 260 266 269 268 258 256 255
   10   15 237 245 251 263 268 269 271 270 267 255 250 244
   15   20 243 254 262 276 282 280 276 272 267 254 244 236
   20   25 254 267 278 289 296 288 281 276 268 255 244 235
   25   30 270 281 293 304 310 297 288 282 273 261 248 243
   30   35 290 301 310 320 322 306 295 289 279 266 255 260
   35   40 316 328 333 338 333 319 302 293 284 272 265 277
   40   45 338 352 357 355 343 333 313 298 289 284 278 294
   45   50 351 367 375 372 352 344 324 307 294 293 292 311
   50   55 357 375 385 384 360 348 331 314 299 299 307 324
   55   60 358 380 389 393 368 347 331 315 302 303 314   0
   60   65 369 381 390 400 375 345 326 312 302 302 312   0
   65   70   0 384 393 406 378 340 318 305 301 302   0   0
   70   75   0 386 398 410 382 339 312 298 297 299   0   0
   75   80   0   0 404 411 380 337 309 293 286 293   0   0
   80   85   0   0 430 411 376 337 308 289 282   0   0   0
   85   90   0   0   0   0   0   0   0   0   0   0   0   0
 1993 SBUV Merged                  jeannette.wild@noaa.gov
 lat1 lat2 Jan Feb Mar Apr May Jun Jul Aug Sep Oct Nov Dec
  -90  -85   0   0   0   0   0   0   0   0   0   0   0   0
  -85  -80 273 268   0   0   0   0   0   0   0   0 209 291
  -80  -75 278 272 271   0   0   0   0   0   0 178 226 292
  -75  -70 287 279 283   0   0   0   0   0   0 202 253 297
  -70  -65 294 288 284   0   0   0   0   0   0 239 282 303
  -65  -60 301 294 282   0   0   0   0   0   0 292 309 307
  -60  -55 304 294 281 289   0   0   0   0 338 332 328 309
  -55  -50 302 287 277 289   0   0   0   0 341 340 331 306
  -50  -45 295 280 274 281   0   0   0   0 342 338 325 297
  -45  -40 283 275 272 272 269   0   0 336 337 332 316 287
  -40  -35 275 271 268 265 273   0 309 317 327 322 307 283
  -35  -30 269 267 263 260 266 277 285 296 309 307 297 278
  -30  -25 265 262 257 258 259 266 269 279 294 297 287 271
  -25  -20 261 257 253 252 254 257 261 269 280 283 276 262
  -20  -15 257 254 252 248 249 252 256 261 270 273 267 255
  -15  -10 256 256 252 249 247 246 250 255 264 265 258 250
  -10   -5 257 257 256 253 249 245 248 252 260 260 251 243
   -5    0 259 259 259 257 252 249 251 255 260 256 246 238
    0    5 258 258 259 259 254 252 256 258 260 254 244 236
    5   10 251 252 257 260 258 257 260 261 260 255 246 239
   10   15 244 246 254 262 265 266 265 264 265 259 251 242
   15   20 241 246 256 267 274 273 269 268 267 261 253 245
   20   25 241 251 260 276 284 279 275 271 269 264 253 247
   25   30 250 259 271 286 294 285 282 276 272 266 258 256
   30   35 267 280 289 299 305 295 289 282 277 269 266 273
   35   40 286 301 313 318 318 307 296 289 282 276 278 297
   40   45 307 326 335 337 331 321 305 295 288 284 290 331
   45   50 320 338 350 352 344 331 316 302 294 292 297   0
   50   55 334 346 361 360 351 337 322 305 297 297 309   0
   55   60 354 355 368 365 353 339 322 304 297 300   0   0
   60   65   0 357 370 368 356 336 316 299 293 300   0   0
   65   70   0 359 373 372 359 333 307 293 288 297   0   0
   70   75   0 356 375 377 359 328 300 286 280 286   0   0
   75   80   0   0 376 381 358 323 296 279 274 275   0   0
   80   85   0   0 365 381 356 320 293 274 271   0   0   0
   85   90   0   0   0   0   0   0   0   0   0   0   0   0
 1994 SBUV Merged                  jeannette.wild@noaa.gov
 lat1 lat2 Jan Feb Mar Apr May Jun Jul Aug Sep Oct Nov Dec
  -90  -85   0   0   0   0   0   0   0   0   0   0   0   0
  -85  -80 264 252   0   0   0   0   0   0   0 153 278 313
  -80  -75 270 255   0   0   0   0   0   0   0 168 281 313
  -75  -70 279 264 264   0   0   0   0   0 147 202 291 316
  -70  -65 287 274 275   0   0   0   0   0 210 251 300 318
  -65  -60 293 281 280   0   0   0   0   0 276 297 314 320
  -60  -55 295 285 280 293   0   0   0 337 330 345 333 323
  -55  -50 290 282 276 287   0   0   0 347 352 355 340 319
  -50  -45 282 276 271 275 291   0 333 338 355 354 335 310
  -45  -40 274 272 267 266 288 308 321 331 346 343 321 297
  -40  -35 270 269 265 264 277 297 311 319 333 330 308 287
  -35  -30 266 264 262 261 266 282 293 304 313 314 297 279
  -30  -25 259 258 258 258 261 270 279 288 295 298 287 274
  -25  -20 253 253 253 253 254 258 265 271 278 284 276 267
  -20  -15 248 249 250 248 248 249 252 258 265 270 265 259
  -15  -10 246 248 249 246 245 245 248 255 262 266 261 256
  -10   -5 241 245 247 244 243 243 248 256 264 267 261 257
   -5    0 238 242 246 245 243 244 250 259 266 268 261 258
    0    5 236 241 248 249 248 251 257 262 265 264 257 257
    5   10 236 242 251 255 257 259 263 266 265 259 252 251
   10   15 240 247 257 264 268 268 272 270 267 258 248 242
   15   20 246 253 265 276 280 279 278 275 269 258 244 236
   20   25 255 263 279 290 293 287 285 279 272 260 245 235
   25   30 267 277 296 304 303 294 292 284 277 266 249 241
   30   35 290 301 316 317 313 302 296 288 282 272 258 257
   35   40 316 334 338 335 328 315 301 293 288 279 271 280
   40   45 339 360 360 354 349 329 307 300 291 284 284 304
   45   50 363 387 378 369 364 340 320 310 296 290 298 319
   50   55 381 404 394 385 378 348 332 320 302 297 310 331
   55   60 395 409 404 399 385 355 333 317 305 299 320 336
   60   65   0 406 410 407 385 355 327 309 301 297 319   0
   65   70   0 391 407 421 385 355 320 301 296 295 306   0
   70   75   0 390 401 435 385 354 320 298 290 291   0   0
   75   80   0   0 396 445 386 351 320 296 281 286   0   0
   80   85   0   0 390 450 387 349 322 293 277   0   0   0
   85   90   0   0   0   0   0   0   0   0   0   0   0   0
 1995 SBUV Merged                  jeannette.wild@noaa.gov
 lat1 lat2 Jan Feb Mar Apr May Jun Jul Aug Sep Oct Nov Dec
  -90  -85   0   0   0   0   0   0   0   0   0   0   0   0
  -85  -80 280 276   0   0   0   0   0   0   0 149 207 270
  -80  -75 285 272 269   0   0   0   0   0   0 160 215 274
  -75  -70 292 281 277   0   0   0   0   0   0 191 249 284
  -70  -65 298 290 285   0   0   0   0   0 213 237 276 295
  -65  -60 304 295 291 295   0   0   0   0 287 294 305 303
  -60  -55 307 296 294 298   0   0   0   0 338 337 324 308
  -55  -50 301 290 288 290 297   0 338 339 353 344 330 303
  -50  -45 292 282 279 281 292 305 322 348 352 345 327 296
  -45  -40 285 278 272 272 283 298 316 342 344 338 318 290
  -40  -35 279 275 269 266 275 288 307 327 326 327 306 288
  -35  -30 272 267 264 263 265 275 291 294 310 312 296 282
  -30  -25 264 258 260 259 258 263 276 273 293 298 287 275
  -25  -20 258 253 254 252 251 253 264 262 279 285 279 269
  -20  -15 255 250 252 248 247 249 255 257 268 275 270 262
  -15  -10 253 250 253 249 247 249 251 252 264 267 261 256
  -10   -5 253 250 256 253 251 251 252 249 261 263 254 250
   -5    0 254 252 259 257 256 256 257 256 261 261 251 246
    0    5 253 253 260 260 260 260 261 259 259 258 249 246
    5   10 247 248 257 259 261 261 262 259 261 259 250 246
   10   15 240 241 251 258 264 264 264 262 263 260 253 246
   15   20 236 239 250 262 270 269 268 268 266 262 254 247
   20   25 238 245 258 270 279 275 275 274 270 264 256 251
   25   30 249 259 272 283 289 283 282 282 273 267 263 264
   30   35 269 286 293 299 301 295 289 288 276 270 273 283
   35   40 295 313 319 323 317 310 297 285 284 275 286 308
   40   45 319 334 340 345 333 324 305 293 287 281 297 324
   45   50 334 351 353 360 346 331 314 304 291 289 305 329
   50   55 346 363 365 368 355 334 321 314 290 298 310 326
   55   60 352 370 376 370 360 337 324 312 292 302 310 324
   60   65 361 377 380 373 359 334 320 307 291 301 311   0
   65   70   0 383 375 379 358 334 313 306 284 296 298   0
   70   75   0 362 368 383 361 336 310 303 281 293   0   0
   75   80   0   0 355 381 366 337 304 298 273 281   0   0
   80   85   0   0 386 381 368 338 301 292   0   0   0   0
   85   90   0   0   0   0   0   0   0   0   0   0   0   0
 1996 SBUV Merged                  jeannette.wild@noaa.gov
 lat1 lat2 Jan Feb Mar Apr May Jun Jul Aug Sep Oct Nov Dec
  -90  -85   0   0   0   0   0   0   0   0   0   0   0   0
  -85  -80 270 252   0   0   0   0   0   0   0 163 198 284
  -80  -75 276 261 263   0   0   0   0   0 140 159 210 288
  -75  -70 281 271 266   0   0   0   0   0 184 196 236 295
  -70  -65 287 280 276 274   0   0   0   0 233 250 271 303
  -65  -60 291 286 282 280   0   0   0 281 285 303 302 308
  -60  -55 293 287 285 288 297   0   0 334 340 345 326 312
  -55  -50 290 284 279 285 296   0 336 357 360 354 335 310
  -50  -45 282 278 271 279 289 325 336 361 365 352 335 303
  -45  -40 274 271 266 270 279 319 333 351 355 342 326 293
  -40  -35 271 269 265 266 270 308 323 334 339 331 315 286
  -35  -30 269 266 262 262 263 291 302 310 319 316 305 279
  -30  -25 264 261 258 258 260 277 282 289 300 303 295 275
  -25  -20 258 256 254 254 255 264 269 274 285 290 284 270
  -20  -15 254 252 250 249 250 252 257 264 272 278 273 263
  -15  -10 251 250 249 247 246 246 250 257 263 270 265 259
  -10   -5 247 247 247 246 245 243 248 254 260 266 261 257
   -5    0 244 246 248 247 246 245 248 254 259 264 259 256
    0    5 243 245 250 251 251 251 254 257 258 259 255 253
    5   10 244 247 253 257 259 259 261 263 261 259 252 247
   10   15 247 251 259 267 270 270 270 269 266 261 252 241
   15   20 250 258 269 277 280 278 275 272 269 263 252 240
   20   25 258 268 280 287 290 285 279 273 270 264 253 243
   25   30 273 286 292 297 298 292 284 278 273 266 255 251
   30   35 296 311 313 314 309 298 291 284 278 270 261 267
   35   40 326 340 340 337 332 310 298 290 285 277 274 290
   40   45 352 362 366 361 356 322 308 295 295 284 289 311
   45   50 364 376 382 377 368 334 319 302 300 292 300 327
   50   55 365 380 392 380 376 345 327 307 301 300 311 338
   55   60 359 376 392 382 378 349 329 310 301 304 315 346
   60   65 357 366 386 386 380 343 324 310 298 302 319   0
   65   70   0 349 377 394 382 335 317 305 293 300 331   0
   70   75   0 339 370 404 382 334 315 302 289 292   0   0
   75   80   0   0 361 407 381 333 316 298 282 285   0   0
   80   85   0   0 360 406 379 334 316 294 279   0   0   0
   85   90   0   0   0   0   0   0   0   0   0   0   0   0
 1997 SBUV Merged                  jeannette.wild@noaa.gov
 lat1 lat2 Jan Feb Mar Apr May Jun Jul Aug Sep Oct Nov Dec
  -90  -85   0   0   0   0   0   0   0   0   0   0   0   0
  -85  -80 280 267   0   0   0   0   0   0   0 141 227 277
  -80  -75 286 271 267   0   0   0   0   0   0 165 236 281
  -75  -70 292 279 281   0   0   0   0   0   0 194 260 287
  -70  -65 299 288 288 287   0   0   0   0 253 234 288 293
  -65  -60 306 294 292 291   0   0   0   0 287 281 307 299
  -60  -55 308 295 289 294 291   0   0   0 325 326 321 304
  -55  -50 300 289 280 285 289 300   0   0 335 337 322 303
  -50  -45 289 281 272 273 283 295   0   0 334 335 318 296
  -45  -40 277 274 267 268 277 288   0 324 326 325 310 288
  -40  -35 270 269 266 264 270 279   0 309 315 314 299 283
  -35  -30 263 264 263 260 260 265   0 289 299 300 287 278
  -30  -25 259 259 260 257 252 254 262 271 283 288 279 270
  -25  -20 257 257 256 252 247 246 250 258 270 277 270 261
  -20  -15 254 254 254 250 243 243 246 250 262 270 264 254
  -15  -10 252 253 255 252 246 245 249 250 261 266 261 250
  -10   -5 253 256 259 259 253 255 258 258 264 265 257 245
   -5    0 255 259 263 265 260 263 265 265 267 264 253 242
    0    5 254 258 264 268 264 267 269 269 268 262 250 241
    5   10 247 251 259 266 265 268 270 270 268 262 251 241
   10   15 241 244 254 267 269 271 272 270 268 262 252 242
   15   20 238 242 256 270 273 273 274 270 267 262 253 246
   20   25 241 249 265 279 281 279 276 271 268 266 255 250
   25   30 255 264 281 292 293 288 282 277 272 272 262 260
   30   35 280 288 302 310 305 302 291 283 278 276 273 279
   35   40 316 321 326 332 321 317 298 290 284 283 287 305
   40   45 347 349 346 353 336 333 304 296 290 290 299 325
   45   50 361 371 370 366 352 346 315 304 296 296 308 338
   50   55 367 388 388 376 364 352 327 310 301 298 313 322
   55   60 368 395 398 382 373 355 327 310 300 299 304   0
   60   65 374 390 389 381 381 351 317 306 295 297 302   0
   65   70   0 378 369 372 385 348 308 300 292 296   0   0
   70   75   0 368 337 360 388 349 306 296 290 294   0   0
   75   80   0   0 305 342 392 346 304 294 288 289   0   0
   80   85   0   0 277 330 392 342 300 293 288   0   0   0
   85   90   0   0   0   0   0   0   0   0   0   0   0   0
 1998 SBUV Merged                  jeannette.wild@noaa.gov
 lat1 lat2 Jan Feb Mar Apr May Jun Jul Aug Sep Oct Nov Dec
  -90  -85   0   0   0   0   0   0   0   0   0   0   0   0
  -85  -80 262 263   0   0   0   0   0   0   0 147 174 255
  -80  -75 268 267   0   0   0   0   0   0   0 148 189 260
  -75  -70 275 276 286   0   0   0   0   0 165 175 220 272
  -70  -65 284 283 286   0   0   0   0   0 198 226 262 283
  -65  -60 294 288 285   0   0   0   0   0 261 288 301 294
  -60  -55 298 288 283 281   0   0   0   0 320 337 327 300
  -55  -50 294 283 279 282   0   0   0 338 337 347 329 299
  -50  -45 285 276 273 278   0   0   0 339 344 345 325 292
  -45  -40 277 270 270 273 286   0 330 332 341 335 316 285
  -40  -35 274 268 267 270 278 297 312 319 330 324 307 281
  -35  -30 269 263 263 264 267 282 297 304 316 312 298 278
  -30  -25 261 256 256 257 259 267 282 290 301 300 290 274
  -25  -20 252 248 248 250 251 258 267 279 289 289 282 270
  -20  -15 245 243 244 245 246 250 257 269 277 278 273 266
  -15  -10 242 242 244 244 246 245 252 262 270 272 269 263
  -10   -5 239 241 243 244 245 245 253 262 271 272 267 263
   -5    0 236 240 243 245 246 247 255 264 271 271 266 263
    0    5 235 240 244 249 251 253 260 266 269 266 262 260
    5   10 234 239 247 255 259 261 266 269 269 264 255 254
   10   15 236 243 253 264 269 271 273 275 272 263 251 246
   15   20 243 250 261 274 279 280 279 278 274 263 248 241
   20   25 252 258 272 288 293 287 284 281 275 264 249 240
   25   30 268 273 289 305 310 295 289 287 277 267 254 246
   30   35 292 303 315 322 326 306 296 292 281 270 260 260
   35   40 323 338 352 343 340 320 303 298 287 277 274 284
   40   45 354 366 382 364 353 338 315 305 293 287 296 311
   45   50 375 388 399 384 368 353 328 312 300 295 320 336
   50   55 390 403 411 402 384 362 339 318 304 306 336 352
   55   60   0 415 420 417 399 365 341 323 308 314 338 338
   60   65   0 430 426 426 411 362 338 321 308 318 333   0
   65   70   0 432 431 435 412 359 332 315 309 318 324   0
   70   75   0 438 430 441 414 358 329 307 308 317   0   0
   75   80   0   0 426 443 420 361 330 301 303 313   0   0
   80   85   0   0 432 446 426 365 333 299 301   0   0   0
   85   90   0   0   0   0   0   0   0   0   0   0   0   0
 1999 SBUV Merged                  jeannette.wild@noaa.gov
 lat1 lat2 Jan Feb Mar Apr May Jun Jul Aug Sep Oct Nov Dec
  -90  -85   0   0   0   0   0   0   0   0   0   0   0   0
  -85  -80 262 259   0   0   0   0   0   0   0 141 176 262
  -80  -75 270 264 259   0   0   0   0   0   0 146 188 268
  -75  -70 280 274 267   0   0   0   0   0 159 175 218 278
  -70  -65 289 283 277   0   0   0   0   0 211 224 262 287
  -65  -60 296 288 281 294   0   0   0 285 274 284 301 295
  -60  -55 295 287 284 290   0   0   0 322 327 329 324 301
  -55  -50 287 281 278 284 292   0   0 337 344 343 328 300
  -50  -45 277 271 271 275 289 301 321 334 341 341 324 294
  -45  -40 271 266 265 267 279 300 311 329 333 332 316 287
  -40  -35 267 264 264 263 270 286 302 316 322 322 308 283
  -35  -30 264 261 261 259 261 272 286 296 308 311 299 279
  -30  -25 262 258 256 256 256 261 272 279 294 297 290 275
  -25  -20 261 256 252 251 251 252 261 267 281 288 283 270
  -20  -15 259 256 251 249 248 249 254 259 271 280 275 265
  -15  -10 259 257 253 253 250 249 253 257 267 275 270 262
  -10   -5 259 259 257 258 258 257 261 265 272 273 266 258
   -5    0 260 261 261 264 265 267 271 272 276 273 263 256
    0    5 258 261 262 267 269 271 274 276 277 271 262 256
    5   10 252 255 259 268 272 274 275 277 277 271 263 256
   10   15 243 247 256 269 277 278 278 278 277 271 262 255
   15   20 239 243 256 273 281 281 280 280 277 270 261 256
   20   25 241 246 261 278 288 286 284 282 278 272 263 258
   25   30 249 256 270 287 297 292 289 287 281 274 267 266
   30   35 267 277 290 303 310 299 296 292 283 275 274 278
   35   40 298 305 319 332 329 312 303 296 286 277 284 300
   40   45 328 340 353 360 350 329 312 300 292 283 295 323
   45   50 351 375 392 376 364 344 320 305 299 295 307 338
   50   55 372 397 418 392 372 354 330 313 305 307 319 352
   55   60 390 411 433 403 377 357 334 316 305 315 326 357
   60   65 398 424 440 409 383 351 332 313 301 314 323   0
   65   70   0 435 453 422 386 348 326 305 296 310 321   0
   70   75   0 458 464 433 393 346 323 298 293 303   0   0
   75   80   0   0 467 441 395 346 315 292 288 295   0   0
   80   85   0   0 462 445 395 349 310 290 280   0   0   0
   85   90   0   0   0   0   0   0   0   0   0   0   0   0
 2000 SBUV Merged                  jeannette.wild@noaa.gov
 lat1 lat2 Jan Feb Mar Apr May Jun Jul Aug Sep Oct Nov Dec
  -90  -85   0   0   0   0   0   0   0   0   0   0   0   0
  -85  -80 268 266   0   0   0   0   0   0   0 218 293 299
  -80  -75 273 266 262   0   0   0   0   0 125 201 295 300
  -75  -70 281 273 273   0   0   0   0   0 161 236 303 303
  -70  -65 289 283 283 296   0   0   0   0 203 279 311 307
  -65  -60 293 290 289 295   0   0   0 269 264 317 321 313
  -60  -55 292 289 290 291 288   0   0 305 333 355 329 316
  -55  -50 285 282 281 282 290 303 322 323 349 350 332 313
  -50  -45 277 274 270 272 285 307 318 331 354 347 327 303
  -45  -40 272 268 263 265 280 303 319 335 345 338 316 290
  -40  -35 271 265 261 263 274 295 312 327 331 326 304 281
  -35  -30 268 262 260 263 269 282 298 312 315 312 294 276
  -30  -25 266 260 258 262 264 272 283 294 300 300 288 270
  -25  -20 263 257 255 258 260 267 274 281 288 289 282 265
  -20  -15 260 255 255 256 258 262 267 272 281 282 275 263
  -15  -10 259 256 256 257 256 257 260 266 273 272 265 258
  -10   -5 257 256 256 257 256 255 257 262 266 262 255 250
   -5    0 255 256 258 260 258 258 259 262 264 255 247 243
    0    5 255 256 259 262 261 262 263 264 263 252 244 241
    5   10 254 257 261 268 269 269 269 269 266 255 247 243
   10   15 256 262 266 277 279 277 275 275 272 261 253 246
   15   20 257 266 272 284 285 282 279 279 274 265 255 247
   20   25 260 271 280 292 292 287 285 283 277 267 255 251
   25   30 270 279 290 302 300 293 291 287 280 267 255 256
   30   35 291 298 311 314 308 299 295 292 282 268 259 266
   35   40 322 331 340 334 323 309 300 297 286 272 272 292
   40   45 347 362 365 353 343 323 308 301 290 282 291 327
   45   50 361 379 382 367 359 337 318 306 295 294 312 352
   50   55 368 391 391 378 371 348 326 310 299 303 326 366
   55   60 370 396 395 385 377 352 325 312 302 308 330 370
   60   65 378 392 395 390 377 351 318 308 299 306 326   0
   65   70   0 381 394 395 378 348 314 301 294 301 318   0
   70   75   0 363 390 401 380 347 314 294 288 292   0   0
   75   80   0   0 379 407 383 346 316 289 282 292   0   0
   80   85   0   0 383 410 381 344 317 284 278   0   0   0
   85   90   0   0   0   0   0   0   0   0   0   0   0   0
 2001 SBUV Merged                  jeannette.wild@noaa.gov
 lat1 lat2 Jan Feb Mar Apr May Jun Jul Aug Sep Oct Nov Dec
  -90  -85   0   0   0   0   0   0   0   0   0   0   0   0
  -85  -80   0   0   0   0   0   0   0   0   0   0   0   0
  -80  -75 284 263 270   0   0   0   0   0 138 160 203 264
  -75  -70 286 276 272   0   0   0   0   0 157 192 235 277
  -70  -65 295 286 281 281   0   0   0 208 198 239 276 292
  -65  -60 303 293 289 291   0   0   0 275 261 287 311 302
  -60  -55 305 295 291 292 301   0 327 312 320 327 332 307
  -55  -50 302 289 284 286 303 329 332 332 343 344 338 305
  -50  -45 292 280 275 278 294 321 332 336 347 348 335 300
  -45  -40 284 272 268 270 282 310 327 334 344 342 326 295
  -40  -35 278 269 266 265 274 298 317 324 335 332 316 292
  -35  -30 272 264 263 263 267 283 298 309 320 319 305 286
  -30  -25 265 258 258 262 263 271 282 293 305 308 296 281
  -25  -20 260 254 256 259 260 262 268 279 289 293 286 274
  -20  -15 258 252 254 256 254 254 256 265 275 278 275 268
  -15  -10 255 250 251 253 250 248 250 257 268 270 269 264
  -10   -5 250 246 248 249 247 246 250 257 268 269 267 263
   -5    0 243 240 245 247 245 247 253 262 271 270 268 263
    0    5 240 239 247 251 250 254 259 266 271 267 264 261
    5   10 241 241 253 263 263 264 267 270 270 264 258 253
   10   15 246 248 263 276 277 276 276 276 274 264 256 246
   15   20 252 255 271 286 287 285 283 280 274 264 253 241
   20   25 259 263 280 296 296 291 288 284 276 265 252 241
   25   30 266 272 291 308 307 299 295 290 278 268 255 248
   30   35 284 291 309 324 321 307 301 296 282 272 266 265
   35   40 313 323 339 341 338 320 307 300 287 279 280 291
   40   45 344 357 367 363 357 338 316 306 293 287 294 317
   45   50 366 388 391 383 371 352 328 311 300 298 305 334
   50   55 381 409 411 400 377 360 335 316 307 308 312 345
   55   60 390 419 422 408 381 360 337 317 308 315 317 353
   60   65 406 427 430 413 386 356 332 312 306 313 317   0
   65   70   0 443 438 419 392 351 324 306 303 305 313   0
   70   75   0 468 448 430 397 349 318 299 297 297   0   0
   75   80   0   0 460 433 402 351 315 295 289 288   0   0
   80   85   0   0 475 436 402 354 313 290 283   0   0   0
   85   90   0   0   0   0   0   0   0   0   0   0   0   0
 2002 SBUV Merged                  jeannette.wild@noaa.gov
 lat1 lat2 Jan Feb Mar Apr May Jun Jul Aug Sep Oct Nov Dec
  -90  -85   0   0   0   0   0   0   0   0   0   0   0   0
  -85  -80   0   0   0   0   0   0   0   0   0   0   0   0
  -80  -75 283 271 266   0   0   0   0   0   0 236 338 311
  -75  -70 288 280 268   0   0   0   0   0 237 277 338 314
  -70  -65 295 288 278 286   0   0   0   0 290 327 339 320
  -65  -60 299 290 287 292   0   0   0 324 328 352 339 324
  -60  -55 297 286 290 292 303   0 352 343 354 366 341 324
  -55  -50 292 283 287 285 309 327 348 355 357 371 340 320
  -50  -45 286 280 279 277 301 318 341 355 357 363 333 312
  -45  -40 281 276 272 273 291 308 328 343 344 346 320 302
  -40  -35 278 273 268 270 279 294 310 323 328 326 307 294
  -35  -30 273 268 263 265 266 276 286 298 308 307 296 285
  -30  -25 268 262 258 259 254 262 268 281 293 293 289 277
  -25  -20 264 260 257 254 248 254 259 269 280 282 280 270
  -20  -15 262 259 256 252 247 250 254 260 269 271 268 261
  -15  -10 260 259 257 254 249 247 250 254 259 262 261 255
  -10   -5 261 262 260 259 255 252 253 258 262 261 257 250
   -5    0 261 265 264 264 261 260 260 265 266 261 253 246
    0    5 259 263 265 266 265 264 266 269 267 259 252 245
    5   10 251 257 260 266 268 268 269 271 268 260 255 246
   10   15 244 250 256 267 272 274 272 273 269 262 258 248
   15   20 240 247 256 272 277 279 275 274 269 263 258 248
   20   25 242 250 262 281 285 286 281 278 271 267 259 250
   25   30 250 259 275 296 297 295 289 286 276 272 263 261
   30   35 269 274 293 312 312 305 297 294 284 276 273 283
   35   40 296 300 318 331 333 319 306 300 291 282 290 313
   40   45 326 330 349 350 352 337 316 307 297 291 308 339
   45   50 348 358 379 370 366 350 325 314 303 304 323 357
   50   55 365 381 401 389 376 356 333 318 306 312 329 364
   55   60 382 398 413 399 377 357 334 317 303 311 324 360
   60   65 410 413 421 407 380 353 330 312 299 303 315   0
   65   70   0 437 421 411 380 347 325 305 293 291 298   0
   70   75   0 453 424 421 386 346 322 298 286 277   0   0
   75   80   0   0 419 429 391 348 319 288 279 263   0   0
   80   85   0   0 447 433 391 350 318 281 275   0   0   0
   85   90   0   0   0   0   0   0   0   0   0   0   0   0
 2003 SBUV Merged                  jeannette.wild@noaa.gov
 lat1 lat2 Jan Feb Mar Apr May Jun Jul Aug Sep Oct Nov Dec
  -90  -85   0   0   0   0   0   0   0   0   0   0   0   0
  -85  -80   0   0   0   0   0   0   0   0   0   0   0   0
  -80  -75 283 263 267   0   0   0   0   0   0 187 255 295
  -75  -70 289 279 275   0   0   0   0   0 155 219 278 302
  -70  -65 298 295 284 284   0   0   0   0 196 271 309 312
  -65  -60 307 303 290 288   0   0   0 262 254 309 330 319
  -60  -55 313 302 292 291 303   0 309 303 321 348 340 322
  -55  -50 309 295 287 289 297 314 320 323 346 358 342 321
  -50  -45 300 287 277 283 290 304 321 336 355 356 335 312
  -45  -40 289 280 271 276 281 299 321 338 350 346 324 301
  -40  -35 281 275 270 268 272 293 312 329 337 332 314 293
  -35  -30 273 269 267 263 267 281 298 309 318 317 304 285
  -30  -25 265 262 260 260 264 273 283 292 303 301 296 279
  -25  -20 258 256 254 256 259 267 273 278 288 288 282 272
  -20  -15 253 252 251 252 254 259 263 267 275 273 268 265
  -15  -10 250 249 250 250 251 254 256 261 267 264 260 259
  -10   -5 247 247 249 248 248 251 253 258 264 260 256 255
   -5    0 243 244 247 248 248 251 253 259 264 257 253 254
    0    5 242 243 247 251 253 256 257 262 264 254 249 251
    5   10 242 242 251 259 263 265 266 268 266 254 246 246
   10   15 243 247 260 271 276 277 276 275 272 259 247 243
   15   20 247 255 270 282 287 285 283 280 274 262 249 244
   20   25 254 265 280 294 297 292 287 284 276 265 252 247
   25   30 268 282 294 308 307 299 293 289 279 269 256 253
   30   35 293 311 319 323 317 307 299 294 284 272 264 269
   35   40 330 348 352 343 335 320 306 299 289 277 280 290
   40   45 360 380 381 365 352 335 319 308 297 287 299 313
   45   50 378 399 401 386 368 347 332 318 305 298 313 328
   50   55 386 407 414 406 384 358 341 322 307 303 325 341
   55   60 390 408 417 416 391 364 339 318 303 304 330 350
   60   65 398 403 414 420 394 362 331 311 300 304 323   0
   65   70   0 402 413 423 399 358 325 304 299 302 309   0
   70   75   0 409 416 424 401 356 324 300 296 299   0   0
   75   80   0   0 422 420 399 356 324 295 290 298   0   0
   80   85   0   0 424 416 397 357 321 291 285   0   0   0
   85   90   0   0   0   0   0   0   0   0   0   0   0   0
 2004 SBUV Merged                  jeannette.wild@noaa.gov
 lat1 lat2 Jan Feb Mar Apr May Jun Jul Aug Sep Oct Nov Dec
  -90  -85   0   0   0   0   0   0   0   0   0   0   0   0
  -85  -80   0   0   0   0   0   0   0   0   0   0   0   0
  -80  -75 278 268 278   0   0   0   0   0 177 216 250 302
  -75  -70 285 278 280   0   0   0   0   0 207 243 269 300
  -70  -65 295 286 289 291   0   0   0 265 244 283 294 304
  -65  -60 303 293 295 301   0   0   0 304 297 317 316 308
  -60  -55 303 296 294 302 306   0 320 326 336 341 326 311
  -55  -50 297 292 285 295 301 311 320 333 342 347 328 307
  -50  -45 288 282 275 281 290 303 311 333 338 341 323 299
  -45  -40 281 275 269 268 277 291 305 324 331 329 312 290
  -40  -35 276 270 266 260 267 279 293 309 319 316 303 283
  -35  -30 269 265 262 257 260 266 276 289 303 303 295 279
  -30  -25 263 260 257 255 253 255 262 272 286 290 287 275
  -25  -20 259 256 253 250 248 249 253 259 274 278 276 268
  -20  -15 256 254 252 248 246 246 249 252 265 268 267 262
  -15  -10 252 253 252 252 249 248 251 255 263 262 263 259
  -10   -5 249 253 255 257 255 255 259 262 268 263 258 253
   -5    0 249 255 258 262 262 264 269 269 271 263 256 249
    0    5 247 253 258 263 265 269 274 274 272 262 255 248
    5   10 242 247 255 263 268 273 276 276 272 263 255 249
   10   15 237 243 254 265 273 278 279 278 274 264 258 252
   15   20 238 243 256 269 278 283 281 278 274 265 260 254
   20   25 245 245 264 278 286 289 286 279 275 268 262 259
   25   30 255 257 276 293 299 297 292 284 278 271 265 268
   30   35 273 282 294 312 315 305 299 291 283 276 271 280
   35   40 303 322 321 331 331 318 307 299 288 280 279 298
   40   45 336 359 354 354 347 334 316 308 295 283 291 315
   45   50 359 381 384 376 362 347 326 316 299 291 303 327
   50   55 373 394 405 395 373 354 333 319 305 299 315 338
   55   60 379 403 420 413 380 355 334 316 307 306 322 348
   60   65 386 407 429 419 385 352 332 311 304 308 327   0
   65   70   0 417 430 420 389 349 324 304 296 305 324   0
   70   75   0 435 428 416 394 348 321 299 286 294   0   0
   75   80   0   0 423 409 397 348 318 294 275 277   0   0
   80   85   0   0 408 402 393 344 316 290 272   0   0   0
   85   90   0   0   0   0   0   0   0   0   0   0   0   0
 2005 SBUV Merged                  jeannette.wild@noaa.gov
 lat1 lat2 Jan Feb Mar Apr May Jun Jul Aug Sep Oct Nov Dec
  -90  -85   0   0   0   0   0   0   0   0   0   0   0   0
  -85  -80   0   0   0   0   0   0   0   0   0   0   0   0
  -80  -75 275 270 271   0   0   0   0   0 144 179 287 284
  -75  -70 283 283 278   0   0   0   0   0 180 215 299 294
  -70  -65 293 293 284 286   0   0   0 221 226 266 313 301
  -65  -60 302 295 286 289 296   0   0 278 280 310 326 308
  -60  -55 305 290 285 292 298   0 321 327 338 349 336 317
  -55  -50 300 282 278 287 300 319 333 350 356 356 338 317
  -50  -45 290 274 271 279 295 318 339 356 358 356 332 310
  -45  -40 280 270 268 272 287 314 335 349 350 348 320 300
  -40  -35 272 268 267 267 278 303 320 332 336 331 308 290
  -35  -30 267 265 262 263 269 288 297 309 320 316 298 282
  -30  -25 262 260 256 258 262 272 278 290 303 304 291 276
  -25  -20 258 255 251 253 258 262 268 273 288 290 283 270
  -20  -15 254 251 248 249 251 254 260 263 274 277 270 264
  -15  -10 253 250 247 247 247 248 253 258 264 267 260 257
  -10   -5 249 248 247 246 245 246 250 254 259 260 254 252
   -5    0 247 246 247 246 246 247 251 254 257 255 249 250
    0    5 245 246 248 248 249 251 255 257 257 252 245 247
    5   10 246 248 251 255 256 258 261 262 261 253 244 243
   10   15 251 255 259 265 269 267 269 268 267 258 247 240
   15   20 256 261 267 276 281 275 275 272 270 261 249 241
   20   25 262 265 276 288 292 282 280 275 271 263 253 246
   25   30 276 280 288 301 305 294 288 283 275 265 256 255
   30   35 299 307 312 318 318 305 295 290 280 266 261 272
   35   40 327 338 344 341 336 318 303 295 285 270 275 299
   40   45 347 363 369 360 355 332 311 301 291 277 292 325
   45   50 355 381 387 375 367 342 323 308 297 289 306 339
   50   55 357 386 393 384 369 350 331 313 300 300 316 344
   55   60 360 383 397 393 374 355 333 313 300 305 322 343
   60   65 362 378 400 405 376 354 328 310 296 305 323   0
   65   70   0 373 403 414 380 351 322 302 291 302 330   0
   70   75   0 373 413 428 385 349 315 293 286 289   0   0
   75   80   0   0 423 437 385 346 310 283 277 277   0   0
   80   85   0   0 453 443 384 343 308 276 272   0   0   0
   85   90   0   0   0   0   0   0   0   0   0   0   0   0
 2006 SBUV Merged                  jeannette.wild@noaa.gov
 lat1 lat2 Jan Feb Mar Apr May Jun Jul Aug Sep Oct Nov Dec
  -90  -85   0   0   0   0   0   0   0   0   0   0   0   0
  -85  -80 273 271   0   0   0   0   0   0   0 151 178 282
  -80  -75 279 273 282   0   0   0   0   0 137 152 190 284
  -75  -70 286 279 289   0   0   0   0   0 154 185 219 287
  -70  -65 294 286 293 286   0   0   0 214 194 228 256 292
  -65  -60 304 293 292 289   0   0   0 270 247 272 290 297
  -60  -55 309 295 287 290 292   0 293 301 306 320 313 301
  -55  -50 305 291 279 284 288 299 304 320 328 333 322 300
  -50  -45 292 282 272 276 280 294 303 321 329 332 320 294
  -45  -40 281 274 267 267 272 287 299 314 323 325 312 285
  -40  -35 272 268 264 262 267 278 288 302 313 313 302 277
  -35  -30 266 261 260 259 261 266 272 286 298 300 292 274
  -30  -25 261 256 254 254 254 256 260 272 284 287 283 270
  -25  -20 258 254 251 248 247 249 253 261 273 274 273 262
  -20  -15 255 251 249 245 243 246 249 253 263 264 264 254
  -15  -10 251 249 250 248 246 247 250 252 260 260 260 250
  -10   -5 248 248 253 253 254 256 258 261 265 260 257 247
   -5    0 246 248 256 260 263 266 269 272 272 262 254 243
    0    5 244 247 257 263 266 269 273 276 273 262 253 242
    5   10 240 244 255 264 268 271 274 276 273 262 254 243
   10   15 238 241 256 268 274 277 278 277 274 263 256 246
   15   20 238 242 260 274 281 282 282 278 274 264 259 249
   20   25 242 248 269 284 291 289 287 282 276 267 262 253
   25   30 255 257 281 297 304 300 294 288 281 272 268 263
   30   35 277 274 301 316 316 309 300 296 287 277 280 280
   35   40 305 305 331 337 329 323 307 301 293 282 292 299
   40   45 333 348 359 356 346 337 316 307 298 289 301 322
   45   50 357 381 380 371 364 348 329 315 304 296 310 339
   50   55 371 400 394 388 379 354 338 323 308 304 316 352
   55   60 380 411 408 403 387 354 339 324 306 310 319 356
   60   65 401 421 417 416 391 354 334 317 304 312 318   0
   65   70   0 434 421 429 395 356 328 308 299 311 321   0
   70   75   0 439 430 433 397 361 323 299 294 303   0   0
   75   80   0   0 440 426 397 361 318 292 287 287   0   0
   80   85   0   0 420 423 394 360 316 289 281   0   0   0
   85   90   0   0   0   0   0   0   0   0   0   0   0   0
 2007 SBUV Merged                  jeannette.wild@noaa.gov
 lat1 lat2 Jan Feb Mar Apr May Jun Jul Aug Sep Oct Nov Dec
  -90  -85   0   0   0   0   0   0   0   0   0   0   0   0
  -85  -80 272 273 276   0   0   0   0   0   0 198 202 260
  -80  -75 274 276 268   0   0   0   0   0 175 200 215 270
  -75  -70 280 280 270 271   0   0   0   0 192 232 244 288
  -70  -65 290 286 277 273   0   0   0 250 233 281 283 306
  -65  -60 297 287 284 282   0   0   0 294 294 320 323 317
  -60  -55 298 285 284 284 298   0 328 338 353 357 348 320
  -55  -50 294 280 278 283 299 309 342 356 363 362 351 315
  -50  -45 283 273 271 278 293 311 345 355 359 358 340 304
  -45  -40 274 268 265 273 283 310 338 346 349 347 327 295
  -40  -35 269 265 264 268 274 304 323 331 336 335 317 291
  -35  -30 267 262 261 264 267 290 303 311 318 320 309 287
  -30  -25 261 256 256 259 262 276 283 295 303 305 299 279
  -25  -20 255 251 252 255 260 266 270 280 288 291 286 271
  -20  -15 250 247 250 251 255 256 258 265 272 275 274 265
  -15  -10 246 246 249 250 249 249 249 256 264 265 265 261
  -10   -5 244 245 248 249 248 246 247 254 260 259 259 257
   -5    0 240 243 247 250 248 247 248 254 257 254 254 254
    0    5 239 242 247 252 252 252 252 256 256 252 251 251
    5   10 240 243 250 259 261 259 259 262 260 254 250 246
   10   15 245 247 257 269 271 270 267 269 267 259 253 242
   15   20 250 255 266 279 279 277 273 273 271 262 254 242
   20   25 255 264 279 292 291 285 279 278 274 264 255 247
   25   30 265 277 294 307 307 295 286 284 278 266 258 256
   30   35 285 298 313 324 321 308 294 291 283 268 262 271
   35   40 315 330 344 346 333 321 302 296 286 273 274 293
   40   45 346 363 374 369 346 335 314 302 288 282 288 319
   45   50 366 390 393 383 357 346 326 310 293 291 304 340
   50   55 380 406 407 389 368 352 334 316 301 299 317 349
   55   60 392 411 416 391 377 356 335 316 305 305 323 352
   60   65 391 408 418 392 384 356 329 311 306 306 323   0
   65   70   0 407 414 396 391 350 321 307 303 304 327   0
   70   75   0 431 406 399 393 345 316 301 296 300   0   0
   75   80   0   0 387 402 390 344 312 293 283 292   0   0
   80   85   0   0 373 401 387 344 310 285 274   0   0   0
   85   90   0   0   0   0   0   0   0   0   0   0   0   0
 2008 SBUV Merged                  jeannette.wild@noaa.gov
 lat1 lat2 Jan Feb Mar Apr May Jun Jul Aug Sep Oct Nov Dec
  -90  -85   0   0   0   0   0   0   0   0   0   0   0   0
  -85  -80 287 279   0   0   0   0   0   0   0 170 187 257
  -80  -75 290 283 284   0   0   0   0   0 135 165 196 262
  -75  -70 294 289 282   0   0   0   0   0 159 198 222 273
  -70  -65 300 293 287 281   0   0   0 217 200 247 265 288
  -65  -60 305 294 288 288   0   0   0 266 255 293 306 300
  -60  -55 303 289 284 291 303   0 301 296 307 332 326 306
  -55  -50 296 281 276 288 303   0 310 312 328 342 330 304
  -50  -45 285 273 268 281 294   0 314 320 333 341 325 296
  -45  -40 276 269 264 273 282   0 311 322 330 332 316 288
  -40  -35 272 266 265 266 270   0 302 315 320 319 307 283
  -35  -30 268 263 264 261 262   0 286 298 307 304 298 279
  -30  -25 264 258 259 259 256   0 269 281 293 290 286 273
  -25  -20 261 255 255 256 250   0 257 268 281 279 274 265
  -20  -15 258 254 253 253 248   0 252 259 270 271 265 259
  -15  -10 255 254 254 254 252   0 255 256 263 266 261 257
  -10   -5 254 255 257 258 260   0 263 264 267 264 257 254
   -5    0 252 256 261 265 268   0 273 274 273 264 256 252
    0    5 250 255 262 268 270   0 276 276 273 263 254 251
    5   10 246 251 260 268 270   0 276 276 272 262 254 249
   10   15 241 247 257 269 273   0 279 277 274 263 254 249
   15   20 241 247 257 271 275   0 280 278 273 264 254 252
   20   25 251 254 265 278 281   0 282 280 275 267 256 255
   25   30 265 267 278 291 293   0 287 284 278 271 261 263
   30   35 283 287 298 307 307   0 295 291 283 275 270 277
   35   40 309 317 323 329 325   0 300 295 288 279 283 297
   40   45 336 345 346 349 348   0 309 301 293 284 299 316
   45   50 358 365 366 364 365   0 317 308 297 289 310 331
   50   55 371 378 381 377 374   0 322 312 300 298 317 340
   55   60 376 392 394 388 375   0 316 311 302 302 319 346
   60   65 380 401 403 401 374   0 310 308 300 301 321   0
   65   70   0 408 413 410 374   0 307 304 294 297 310   0
   70   75   0 429 425 411 376   0 310 298 288 288   0   0
   75   80   0   0 437 405 379   0 311 294 281 276   0   0
   80   85   0   0 447 400 376   0 310 291 275   0   0   0
   85   90   0   0   0   0   0   0   0   0   0   0   0   0
 2009 SBUV Merged                  jeannette.wild@noaa.gov
 lat1 lat2 Jan Feb Mar Apr May Jun Jul Aug Sep Oct Nov Dec
  -90  -85   0   0   0   0   0   0   0   0   0   0   0   0
  -85  -80 281 259   0   0   0   0   0   0   0 190 218 296
  -80  -75 284 265 260   0   0   0   0   0 139 186 230 300
  -75  -70 285 273 270   0   0   0   0   0 161 221 261 309
  -70  -65 291 285 280 284   0   0   0 249 217 274 296 318
  -65  -60 297 292 286 288   0   0   0 274 286 319 321 325
  -60  -55 296 291 284 288 295   0 315 317 346 354 335 324
  -55  -50 291 285 280 282 298 324 326 339 367 361 339 319
  -50  -45 281 274 271 275 294 316 326 344 364 356 334 309
  -45  -40 272 266 265 270 288 306 318 341 353 345 325 297
  -40  -35 267 261 264 267 280 292 307 331 336 333 315 285
  -35  -30 264 257 262 265 272 279 295 312 318 318 304 277
  -30  -25 260 253 257 260 263 269 285 294 301 302 295 271
  -25  -20 256 249 252 255 255 264 275 278 286 287 284 266
  -20  -15 252 246 250 250 252 258 265 265 274 275 272 259
  -15  -10 251 246 251 251 251 252 255 258 263 263 261 251
  -10   -5 251 245 253 254 251 249 251 254 257 255 252 243
   -5    0 250 245 255 256 251 250 252 255 255 251 245 236
    0    5 249 245 256 259 255 254 256 258 256 249 242 234
    5   10 248 243 257 264 263 261 262 263 259 252 245 236
   10   15 250 247 262 272 273 270 270 269 266 258 252 241
   15   20 256 254 268 279 280 278 276 272 268 261 256 246
   20   25 256 261 278 287 290 286 283 277 271 263 260 250
   25   30 264 270 291 301 301 294 290 284 276 266 264 257
   30   35 282 290 309 319 315 306 298 289 283 269 268 278
   35   40 305 322 335 340 330 320 305 295 288 277 277 310
   40   45 334 354 356 359 345 334 317 304 293 289 291 342
   45   50 358 381 378 375 362 347 329 313 301 299 307 360
   50   55 365 398 396 390 374 352 335 319 304 306 322 370
   55   60 377 414 408 397 383 353 335 319 304 309 332 370
   60   65 391 431 418 403 387 349 330 314 301 305 334   0
   65   70   0 446 429 408 388 348 321 307 298 301 325   0
   70   75   0 447 437 417 387 350 316 299 293 295   0   0
   75   80   0   0 440 423 386 348 309 291 286 283   0   0
   80   85   0   0 443 425 385 344 304 286 282   0   0   0
   85   90   0   0   0   0   0   0   0   0   0   0   0   0
 2010 SBUV Merged                  jeannette.wild@noaa.gov
 lat1 lat2 Jan Feb Mar Apr May Jun Jul Aug Sep Oct Nov Dec
  -90  -85   0   0   0   0   0   0   0   0   0   0   0   0
  -85  -80 283 264   0   0   0   0   0   0   0 180 185 252
  -80  -75 287 270 269   0   0   0   0   0   0 181 197 257
  -75  -70 291 279 282   0   0   0   0   0 193 214 228 271
  -70  -65 299 288 289 296   0   0   0   0 250 258 269 289
  -65  -60 306 294 293 298   0   0   0 300 297 301 308 303
  -60  -55 308 296 291 294 300   0 332 337 331 332 328 310
  -55  -50 304 292 282 289 298 309 324 344 344 343 331 307
  -50  -45 293 284 276 280 292 306 323 338 342 339 326 300
  -45  -40 283 275 272 274 288 305 319 329 334 330 319 295
  -40  -35 276 269 269 271 284 302 310 316 322 322 313 290
  -35  -30 270 262 264 268 277 288 294 299 308 310 304 285
  -30  -25 263 256 258 263 268 274 278 284 294 297 294 278
  -25  -20 258 251 253 258 260 263 265 271 279 286 284 274
  -20  -15 255 247 248 253 252 253 256 261 270 278 276 270
  -15  -10 249 242 245 248 246 247 251 257 269 275 274 267
  -10   -5 243 237 242 244 243 247 255 264 275 278 274 265
   -5    0 237 233 240 242 243 249 260 270 279 279 273 265
    0    5 234 231 240 245 246 253 263 272 277 275 270 264
    5   10 237 234 246 252 256 259 266 271 274 271 267 261
   10   15 242 240 253 262 268 268 272 272 272 268 262 255
   15   20 246 250 261 273 278 277 278 275 272 265 258 251
   20   25 251 263 275 289 292 287 285 279 273 265 258 251
   25   30 263 279 292 308 309 300 293 286 278 268 261 257
   30   35 289 308 315 328 328 314 303 295 286 273 268 272
   35   40 326 346 343 353 352 332 312 301 293 280 280 296
   40   45 364 383 376 380 373 346 321 307 300 290 297 322
   45   50 387 406 409 403 384 358 333 316 307 302 313 340
   50   55 394 411 430 415 390 366 343 323 313 313 322 348
   55   60 391 409 441 421 392 370 347 326 312 318 328 352
   60   65 394 414 444 422 395 370 341 322 308 317 324   0
   65   70   0 433 444 422 399 370 331 316 303 312 323   0
   70   75   0 469 452 422 402 366 328 308 297 303   0   0
   75   80   0   0 457 424 401 362 329 301 292 292   0   0
   80   85   0   0 475 429 401 358 329 298 290   0   0   0
   85   90   0   0   0   0   0   0   0   0   0   0   0   0
 2011 SBUV Merged                  jeannette.wild@noaa.gov
 lat1 lat2 Jan Feb Mar Apr May Jun Jul Aug Sep Oct Nov Dec
  -90  -85   0   0   0   0   0   0   0   0   0   0   0   0
  -85  -80   0   0   0   0   0   0   0   0   0   0   0   0
  -80  -75 278 267 278   0   0   0   0   0 139 148 224 274
  -75  -70 287 282 283 289   0   0   0   0 170 176 246 289
  -70  -65 296 293 288 294   0   0   0 236 211 225 272 304
  -65  -60 303 297 292 296 306   0   0 279 266 291 297 312
  -60  -55 303 293 290 293 299   0 329 317 321 339 319 313
  -55  -50 296 283 282 286 295 310 328 338 345 352 330 308
  -50  -45 284 274 273 277 286 305 329 346 353 351 330 300
  -45  -40 274 271 269 270 279 303 329 344 347 345 324 293
  -40  -35 270 269 269 267 276 297 321 330 334 335 315 290
  -35  -30 268 267 267 265 272 286 302 311 315 322 306 287
  -30  -25 267 265 263 262 267 275 283 293 299 307 299 280
  -25  -20 266 264 261 257 261 267 270 282 291 295 292 273
  -20  -15 264 263 259 253 255 260 263 274 284 285 282 268
  -15  -10 262 261 259 253 252 253 256 263 273 275 270 262
  -10   -5 261 261 261 255 252 252 252 258 266 264 260 255
   -5    0 260 261 262 256 255 255 255 260 264 259 253 247
    0    5 259 259 262 259 257 260 259 263 264 257 250 245
    5   10 256 256 261 262 262 266 263 265 266 259 253 248
   10   15 252 254 262 267 271 272 267 269 270 263 257 251
   15   20 251 259 271 276 280 277 273 273 272 266 261 254
   20   25 253 264 280 286 288 284 278 277 274 269 263 257
   25   30 259 273 290 298 298 291 284 282 277 272 266 264
   30   35 280 295 309 313 306 298 291 288 280 273 272 275
   35   40 316 325 339 331 320 312 298 292 284 275 281 290
   40   45 351 355 365 347 340 328 307 297 289 280 293 307
   45   50 369 376 380 364 356 342 317 303 295 288 304 321
   50   55 376 392 392 374 369 351 324 309 299 296 313 331
   55   60 374 400 393 383 380 352 325 309 302 303 319 340
   60   65 376 395 382 393 384 347 320 305 298 306 317   0
   65   70   0 383 362 403 383 340 314 297 289 303 309   0
   70   75   0 351 340 411 380 337 311 288 281 297   0   0
   75   80   0   0 312 412 375 337 305 281 275 289   0   0
   80   85   0   0 327 411 372 338 300 277 276   0   0   0
   85   90   0   0   0   0   0   0   0   0   0   0   0   0
 2012 SBUV Merged                  jeannette.wild@noaa.gov
 lat1 lat2 Jan Feb Mar Apr May Jun Jul Aug Sep Oct Nov Dec
  -90  -85   0   0   0   0   0   0   0   0   0   0   0   0
  -85  -80   0   0   0   0   0   0   0   0   0   0   0   0
  -80  -75 293 276 275   0   0   0   0   0 176 228 309 309
  -75  -70 294 285 280 285   0   0   0   0 208 258 321 314
  -70  -65 299 291 287 291   0   0   0 266 254 311 332 320
  -65  -60 302 294 291 294   0   0   0 312 303 342 340 328
  -60  -55 300 292 288 291 297   0 326 331 341 360 344 332
  -55  -50 292 286 281 281 295 305 325 338 351 363 342 327
  -50  -45 281 278 273 272 290 302 322 338 349 353 333 316
  -45  -40 273 271 268 267 284 300 319 333 342 341 322 303
  -40  -35 271 266 266 266 277 295 311 323 330 328 310 291
  -35  -30 269 262 265 265 270 286 298 307 315 314 300 283
  -30  -25 264 259 261 262 266 277 283 291 302 301 293 278
  -25  -20 259 256 257 258 263 269 271 278 289 288 283 272
  -20  -15 255 254 255 255 258 260 261 266 275 272 271 266
  -15  -10 252 251 254 254 253 254 255 260 266 263 262 259
  -10   -5 246 248 252 253 251 251 252 258 263 258 257 253
   -5    0 241 244 251 252 250 251 253 258 262 256 254 251
    0    5 239 243 252 254 254 256 258 261 262 254 251 248
    5   10 241 246 257 262 266 267 266 267 265 254 248 243
   10   15 246 251 264 273 279 278 276 274 271 258 248 239
   15   20 250 257 272 283 289 286 283 278 275 260 250 238
   20   25 255 265 283 295 297 290 288 280 276 262 254 244
   25   30 267 275 294 304 306 296 292 284 279 266 263 256
   30   35 287 294 307 317 315 304 298 290 284 270 273 273
   35   40 312 323 329 335 329 317 305 295 287 276 285 295
   40   45 339 356 350 353 346 334 313 300 291 286 296 320
   45   50 360 383 371 369 360 346 321 307 295 293 308 336
   50   55 376 399 392 383 368 350 326 311 297 298 316 341
   55   60 387 404 406 397 373 348 325 311 299 303 318 340
   60   65 404 404 414 408 378 345 320 307 297 302 313   0
   65   70   0 409 424 418 379 339 315 301 294 299 305   0
   70   75   0 435 434 432 384 338 313 293 289 293   0   0
   75   80   0   0 442 435 387 337 307 285 281 284   0   0
   80   85   0   0 458 435 385 337 302 279 273   0   0   0
   85   90   0   0   0   0   0   0   0   0   0   0   0   0
 2013 SBUV Merged                  jeannette.wild@noaa.gov
 lat1 lat2 Jan Feb Mar Apr May Jun Jul Aug Sep Oct Nov Dec
  -90  -85   0   0   0   0   0   0   0   0   0   0   0   0
  -85  -80   0   0   0   0   0   0   0   0   0   0   0   0
  -80  -75 287 278 280   0   0   0   0   0 168 216 290 303
  -75  -70 291 286 288   0   0   0   0   0 203 244 303 304
  -70  -65 299 295 295 289   0   0   0 253 245 286 315 309
  -65  -60 308 300 297 292   0   0   0 294 282 317 326 314
  -60  -55 310 296 293 293 305   0 316 323 331 342 328 315
  -55  -50 307 289 285 289 304 316 318 336 346 345 323 312
  -50  -45 297 283 278 282 295 308 314 331 342 339 316 304
  -45  -40 288 280 275 276 284 297 305 319 329 327 310 293
  -40  -35 282 277 273 271 273 283 290 302 313 313 302 286
  -35  -30 274 270 267 267 264 266 275 284 296 299 293 279
  -30  -25 267 263 261 261 256 254 261 271 283 287 284 272
  -25  -20 263 258 257 255 250 250 254 262 274 277 274 266
  -20  -15 258 256 254 250 247 247 252 257 266 268 265 260
  -15  -10 253 254 254 251 248 250 256 258 263 263 261 257
  -10   -5 250 254 256 256 255 260 266 268 270 266 261 255
   -5    0 249 254 260 261 262 269 275 278 277 269 261 255
    0    5 247 252 259 263 265 272 279 281 277 268 260 255
    5   10 241 247 254 262 267 275 280 280 277 268 260 254
   10   15 236 242 251 265 273 280 283 281 277 267 260 252
   15   20 236 241 254 270 278 284 286 282 276 266 260 251
   20   25 241 247 263 279 287 290 288 284 276 267 261 254
   25   30 253 260 275 292 300 297 294 289 281 272 266 266
   30   35 275 279 295 312 315 305 301 296 286 276 273 284
   35   40 305 314 327 338 336 318 308 302 293 280 283 307
   40   45 337 352 360 364 355 335 318 308 299 286 295 326
   45   50 359 378 387 383 367 352 331 316 302 293 304 337
   50   55 373 390 403 397 376 362 340 321 305 301 310 338
   55   60 379 397 416 409 386 368 341 321 308 305 316 336
   60   65 398 404 425 422 397 363 335 316 309 307 320   0
   65   70   0 415 430 427 403 356 328 310 307 308 322   0
   70   75   0 435 430 427 407 357 325 303 301 309   0   0
   75   80   0   0 421 420 411 361 323 299 290 303   0   0
   80   85   0   0 426 417 415 364 321 297 286   0   0   0
   85   90   0   0   0   0   0   0   0   0   0   0   0   0
 2014 SBUV Merged                  jeannette.wild@noaa.gov
 lat1 lat2 Jan Feb Mar Apr May Jun Jul Aug Sep Oct Nov Dec
  -90  -85   0   0   0   0   0   0   0   0   0   0   0   0
  -85  -80   0   0   0   0   0   0   0   0   0   0   0   0
  -80  -75 284 288 282   0   0   0   0   0 163 191 263 292
  -75  -70 290 293 289 298   0   0   0   0 205 227 279 301
  -70  -65 296 297 290 294   0   0   0 263 245 280 301 309
  -65  -60 302 297 291 294 313   0   0 298 292 319 320 318
  -60  -55 306 294 291 293 303   0 324 329 336 350 336 323
  -55  -50 301 286 282 285 301 317 331 348 358 360 340 317
  -50  -45 289 276 271 277 294 316 331 349 358 355 334 307
  -45  -40 279 271 267 273 291 310 326 340 349 344 325 296
  -40  -35 274 269 268 269 284 299 313 323 334 329 314 290
  -35  -30 268 265 266 265 273 283 296 303 316 315 304 286
  -30  -25 263 261 260 262 262 271 281 287 301 303 296 281
  -25  -20 258 257 255 259 258 264 269 277 289 292 287 274
  -20  -15 253 254 253 253 255 259 263 271 278 281 277 268
  -15  -10 251 252 253 252 253 254 258 265 271 271 267 262
  -10   -5 251 254 255 253 251 252 255 262 267 263 257 253
   -5    0 250 254 256 253 251 252 257 263 266 257 249 244
    0    5 249 253 257 256 254 256 262 265 265 255 247 242
    5   10 248 250 258 261 262 265 267 269 266 256 249 244
   10   15 248 254 263 271 275 275 274 274 272 263 255 249
   15   20 252 261 270 280 285 282 280 276 274 266 259 254
   20   25 259 268 278 291 295 288 284 279 276 269 263 258
   25   30 271 280 292 299 304 294 289 283 278 271 266 263
   30   35 291 302 314 316 318 305 298 289 282 273 269 277
   35   40 318 332 341 338 334 319 308 296 288 277 279 299
   40   45 345 364 367 361 353 334 317 304 294 285 295 320
   45   50 366 387 388 376 365 345 328 314 302 295 313 340
   50   55 383 399 399 390 371 352 334 321 306 306 327 352
   55   60 386 401 401 401 377 355 335 320 310 315 331 358
   60   65 380 393 403 412 382 354 328 315 310 317 322   0
   65   70   0 381 405 424 388 350 320 309 310 316 312   0
   70   75   0 371 408 438 394 346 317 303 305 305   0   0
   75   80   0   0 412 447 396 343 314 293 296 289   0   0
   80   85   0   0 413 448 396 342 311 288 291   0   0   0
   85   90   0   0   0   0   0   0   0   0   0   0   0   0
 2015 SBUV Merged                  jeannette.wild@noaa.gov
 lat1 lat2 Jan Feb Mar Apr May Jun Jul Aug Sep Oct Nov Dec
  -90  -85   0   0   0   0   0   0   0   0   0   0   0   0
  -85  -80   0   0   0   0   0   0   0   0   0   0   0   0
  -80  -75 289 276 273   0   0   0   0   0 149 139 180 255
  -75  -70 296 286 287 297   0   0   0   0 180 157 207 266
  -70  -65 303 296 292 301   0   0   0 257 214 194 247 282
  -65  -60 306 301 295 305 305   0   0 292 256 251 288 294
  -60  -55 308 300 296 299 308   0 322 312 302 309 318 304
  -55  -50 302 292 288 289 306 322 321 320 323 330 324 303
  -50  -45 292 282 279 278 298 313 319 322 328 332 321 298
  -45  -40 283 277 274 273 287 305 315 318 325 327 314 291
  -40  -35 277 273 271 270 278 291 301 309 316 316 307 288
  -35  -30 271 269 267 265 268 275 284 293 303 304 298 285
  -30  -25 265 263 262 261 259 260 266 276 288 293 290 280
  -25  -20 260 259 260 257 252 249 253 263 276 282 280 271
  -20  -15 257 257 257 251 247 242 244 254 267 273 269 262
  -15  -10 252 255 254 247 244 241 246 256 265 268 264 257
  -10   -5 246 250 251 247 248 250 257 267 272 271 263 255
   -5    0 241 247 250 249 253 260 268 278 281 275 262 252
    0    5 239 245 252 253 257 264 273 280 281 275 261 250
    5   10 240 246 255 259 263 269 275 280 278 273 259 249
   10   15 243 251 261 269 273 277 278 279 276 269 258 249
   15   20 248 259 271 281 285 286 282 280 275 267 257 253
   20   25 257 272 286 297 299 294 286 282 275 269 259 256
   25   30 268 287 298 309 311 299 292 288 280 274 264 261
   30   35 286 310 315 323 321 307 300 295 287 278 272 274
   35   40 315 340 339 341 335 322 306 303 295 285 283 294
   40   45 346 364 364 360 356 341 317 310 302 294 297 316
   45   50 368 380 385 378 372 353 331 316 306 302 311 335
   50   55 386 390 402 398 386 360 341 320 311 311 324 347
   55   60 400 403 415 414 396 362 345 323 315 315 332 349
   60   65 406 413 422 429 401 361 340 322 314 315 329   0
   65   70   0 417 425 440 399 359 331 314 307 314 320   0
   70   75   0 411 423 450 398 357 322 305 298 303   0   0
   75   80   0   0 421 458 398 350 311 298 290 295   0   0
   80   85   0   0 432 461 396 343 307 297 286   0   0   0
   85   90   0   0   0   0   0   0   0   0   0   0   0   0
 2016 SBUV Merged                  jeannette.wild@noaa.gov
 lat1 lat2 Jan Feb Mar Apr May Jun Jul Aug Sep Oct Nov Dec
  -90  -85   0   0   0   0   0   0   0   0   0   0   0   0
  -85  -80   0   0   0   0   0   0   0   0   0   0   0   0
  -80  -75 281 274 274   0   0   0   0   0 166 190 297 306
  -75  -70 285 282 282 290   0   0   0   0 201 225 301 309
  -70  -65 292 288 287 291   0   0   0 270 256 271 308 313
  -65  -60 297 292 288 294 304   0   0 304 311 308 318 317
  -60  -55 299 294 288 297 310   0 333 339 338 335 326 322
  -55  -50 292 288 284 292 314 330 341 353 348 344 327 318
  -50  -45 283 278 275 281 307 323 335 350 346 345 321 308
  -45  -40 276 271 268 273 294 311 323 336 339 338 310 296
  -40  -35 273 269 265 267 279 291 305 315 326 323 299 283
  -35  -30 269 265 264 263 265 273 284 293 307 305 291 274
  -30  -25 265 260 258 257 255 259 266 275 289 290 283 267
  -25  -20 259 255 251 250 248 249 250 261 275 277 273 262
  -20  -15 253 251 246 245 241 241 241 249 263 266 261 256
  -15  -10 249 248 246 244 241 241 245 251 260 262 257 253
  -10   -5 248 247 246 247 248 251 258 264 268 267 258 253
   -5    0 247 247 248 250 255 260 267 273 275 270 259 255
    0    5 246 246 249 253 255 261 268 274 273 267 257 255
    5   10 244 244 248 251 254 261 268 272 270 263 253 251
   10   15 245 245 248 255 261 267 270 272 267 261 251 245
   15   20 248 251 255 265 272 275 274 273 267 260 251 243
   20   25 252 260 268 281 287 283 279 276 268 260 252 244
   25   30 263 272 285 299 302 291 286 283 273 263 255 248
   30   35 283 294 306 317 315 300 294 290 278 267 260 262
   35   40 313 325 331 339 332 313 301 294 284 272 271 283
   40   45 349 358 359 362 351 327 310 297 291 284 285 308
   45   50 375 382 379 378 367 341 320 302 296 299 299 335
   50   55 385 396 390 390 373 349 329 307 299 308 311 352
   55   60 378 397 394 400 375 352 331 311 300 312 322 360
   60   65 363 387 402 404 377 347 326 307 299 310 326   0
   65   70   0 370 416 407 378 344 319 301 297 303 325   0
   70   75   0 358 435 413 377 347 316 297 296 293   0   0
   75   80   0   0 459 418 374 349 312 295 294 288   0   0
   80   85   0   0 455 420 373 346 312 295 298   0   0   0
   85   90   0   0   0   0   0   0   0   0   0   0   0   0
 2017 SBUV Merged                  jeannette.wild@noaa.gov
 lat1 lat2 Jan Feb Mar Apr May Jun Jul Aug Sep Oct Nov Dec
  -90  -85   0   0   0   0   0   0   0   0   0   0   0   0
  -85  -80   0   0   0   0   0   0   0   0   0   0   0   0
  -80  -75 286 274 276   0   0   0   0   0 185 207 292 300
  -75  -70 292 280 283 284   0   0   0   0 223 242 307 309
  -70  -65 299 289 288 293   0   0   0 272 271 289 320 318
  -65  -60 304 297 293 299 297   0   0 312 325 329 331 326
  -60  -55 308 301 295 301 303   0 324 338 352 352 336 328
  -55  -50 305 295 290 295 300 318 330 352 365 360 335 320
  -50  -45 294 283 280 283 293 313 335 355 364 356 330 308
  -45  -40 282 274 271 275 285 307 330 346 354 346 321 298
  -40  -35 274 269 268 268 277 297 315 328 338 332 311 290
  -35  -30 267 264 265 263 269 284 295 307 318 318 301 284
  -30  -25 261 259 259 260 261 270 278 287 300 305 293 277
  -25  -20 257 254 255 255 258 260 268 274 286 293 286 270
  -20  -15 254 253 253 253 256 256 261 266 275 283 277 264
  -15  -10 253 254 255 254 253 253 256 261 268 271 267 257
  -10   -5 253 255 257 255 252 251 254 258 263 263 258 249
   -5    0 254 256 259 257 253 253 256 259 262 259 250 242
    0    5 254 256 260 259 254 256 260 262 260 256 248 241
    5   10 249 251 257 261 260 262 264 264 261 256 250 244
   10   15 244 247 257 266 271 271 270 268 265 262 256 249
   15   20 243 249 263 274 280 277 275 271 268 265 258 253
   20   25 247 255 271 286 291 283 281 275 270 267 261 258
   25   30 258 268 282 298 303 290 288 281 275 270 266 263
   30   35 277 292 303 312 315 302 296 287 282 273 272 273
   35   40 306 323 332 334 332 317 301 292 287 276 281 294
   40   45 338 352 359 355 349 331 309 300 295 283 294 319
   45   50 362 376 378 369 359 342 319 309 301 294 308 342
   50   55 372 388 388 380 367 347 328 314 307 306 319 352
   55   60 376 395 395 391 375 349 330 314 310 316 325 351
   60   65 379 400 401 404 380 347 325 309 305 316 325   0
   65   70   0 402 410 414 379 344 319 304 295 311 313   0
   70   75   0 417 423 419 377 343 316 298 285 297   0   0
   75   80   0   0 428 419 377 340 314 292 276 280   0   0
   80   85   0   0 416 419 376 336 314 290 274   0   0   0
   85   90   0   0   0   0   0   0   0   0   0   0   0   0
 2018 SBUV Merged                  jeannette.wild@noaa.gov
 lat1 lat2 Jan Feb Mar Apr May Jun Jul Aug Sep Oct Nov Dec
  -90  -85   0   0   0   0   0   0   0   0   0   0   0   0
  -85  -80   0   0   0   0   0   0   0   0   0   0   0   0
  -80  -75 288 274 272   0   0   0   0   0 148 147 229 289
  -75  -70 294 283 285 290   0   0   0   0 179 177 253 298
  -70  -65 302 293 293 296   0   0   0 237 224 231 284 308
  -65  -60 309 298 296 303 307   0   0 290 277 298 312 316
  -60  -55 312 299 295 306 315   0 325 324 323 346 332 319
  -55  -50 305 291 286 297 313 326 334 340 346 357 336 312
  -50  -45 293 281 277 282 303 323 336 348 352 354 333 302
  -45  -40 284 275 271 274 293 318 331 344 349 347 325 295
  -40  -35 278 270 268 269 282 304 317 329 335 336 314 288
  -35  -30 272 263 262 265 272 287 299 309 316 320 302 282
  -30  -25 265 256 257 262 265 273 284 291 301 303 291 275
  -25  -20 262 252 253 259 262 264 271 275 287 289 280 266
  -20  -15 258 250 251 256 256 255 258 264 273 273 268 260
  -15  -10 253 247 249 252 250 249 251 257 267 266 262 256
  -10   -5 247 243 246 247 245 246 249 258 268 267 261 255
   -5    0 242 238 244 245 242 246 251 262 272 268 261 255
    0    5 241 238 246 248 247 251 256 266 270 265 259 253
    5   10 242 241 252 258 260 262 264 269 269 260 252 248
   10   15 247 247 261 270 274 273 274 275 271 258 247 239
   15   20 255 256 270 281 285 282 281 278 273 258 244 234
   20   25 265 268 279 293 295 289 286 282 273 261 247 235
   25   30 276 281 294 308 308 297 294 287 277 266 253 243
   30   35 294 304 317 325 321 306 300 293 282 272 264 261
   35   40 322 333 344 345 332 317 305 296 287 279 281 288
   40   45 352 365 372 365 343 331 310 301 293 289 300 316
   45   50 374 390 397 386 359 344 320 307 298 299 317 343
   50   55 383 407 417 400 373 354 327 312 304 308 329 355
   55   60 382 416 428 408 384 358 329 315 308 312 331 359
   60   65 372 421 432 414 393 354 325 314 306 311 328   0
   65   70   0 417 436 419 397 351 317 307 301 308 319   0
   70   75   0 420 444 424 397 350 318 301 298 304   0   0
   75   80   0   0 453 428 397 350 321 293 293 293   0   0
   80   85   0   0 442 429 394 348 323 291 291   0   0   0
   85   90   0   0   0   0   0   0   0   0   0   0   0   0
 2019 SBUV Merged                  jeannette.wild@noaa.gov
 lat1 lat2 Jan Feb Mar Apr May Jun Jul Aug Sep Oct Nov Dec
  -90  -85   0   0   0   0   0   0   0   0   0   0   0   0
  -85  -80   0   0   0   0   0   0   0   0   0   0   0   0
  -80  -75 285 276 282   0   0   0   0   0 234 244 317 306
  -75  -70 291 282 288 296   0   0   0   0 268 277 331 311
  -70  -65 298 289 294 299   0   0   0 275 311 326 339 316
  -65  -60 304 294 296 300 300   0   0 312 361 351 343 322
  -60  -55 306 298 294 296 300   0 331 337 373 360 344 329
  -55  -50 299 293 285 288 298 312 333 349 372 362 339 327
  -50  -45 288 283 275 280 291 309 331 348 363 356 332 318
  -45  -40 280 277 269 272 282 302 322 338 348 345 320 306
  -40  -35 273 272 267 266 272 288 307 321 330 330 307 293
  -35  -30 267 266 264 261 262 273 291 300 311 313 297 284
  -30  -25 262 259 259 256 254 262 275 284 293 300 290 277
  -25  -20 257 254 253 252 250 254 264 272 278 288 281 269
  -20  -15 253 252 251 249 248 250 256 264 267 275 269 260
  -15  -10 251 254 254 250 248 249 252 258 256 264 259 253
  -10   -5 252 256 257 254 251 250 253 257 254 260 253 247
   -5    0 253 256 259 257 255 256 259 261 256 258 249 242
    0    5 252 257 260 260 259 261 264 264 257 255 247 242
    5   10 247 252 258 261 263 264 265 265 256 255 248 242
   10   15 239 244 255 262 268 270 269 268 257 259 251 245
   15   20 233 240 254 267 274 277 275 272 261 261 252 249
   20   25 234 241 257 276 283 283 281 277 265 264 256 254
   25   30 244 251 268 292 296 292 289 283 272 269 261 265
   30   35 264 271 292 311 311 308 297 289 278 273 270 284
   35   40 294 302 327 333 332 325 305 295 283 280 286 308
   40   45 326 342 358 359 354 341 317 304 289 284 301 330
   45   50 349 375 382 379 371 353 328 313 296 291 317 346
   50   55 364 397 401 395 379 357 336 317 302 300 326 352
   55   60 382 408 413 408 386 358 338 316 307 306 326 353
   60   65 404 418 418 414 394 354 332 313 306 307 320   0
   65   70   0 420 420 420 401 354 324 309 300 302 308   0
   70   75   0 424 428 430 405 357 321 305 293 296   0   0
   75   80   0   0 439 438 406 358 317 300 286 287   0   0
   80   85   0   0 439 445 402 353 317 301 288   0   0   0
   85   90   0   0   0   0   0   0   0   0   0   0   0   0
 2020 SBUV Merged                  jeannette.wild@noaa.gov
 lat1 lat2 Jan Feb Mar Apr May Jun Jul Aug Sep Oct Nov Dec
  -90  -85   0   0   0   0   0   0   0   0   0   0   0   0
  -85  -80   0   0   0   0   0   0   0   0   0   0   0   0
  -80  -75 293 289 290   0   0   0   0   0 130 141 165 239
  -75  -70 300 295 299 289   0   0   0   0 167 177 195 257
  -70  -65 307 300 301 294   0   0   0 267 220 231 244 277
  -65  -60 313 303 299 296 300   0   0 297 283 283 288 294
  -60  -55 317 305 294 297 302   0 320 324 332 325 316 306
  -55  -50 312 298 285 293 303 311 323 332 348 340 324 304
  -50  -45 300 287 277 283 296 307 321 330 345 336 323 297
  -45  -40 288 280 274 274 286 299 312 321 335 327 317 288
  -40  -35 281 277 272 268 275 283 297 309 323 316 308 281
  -35  -30 275 271 267 262 265 271 282 295 306 304 298 275
  -30  -25 267 265 261 257 256 262 270 281 290 293 288 270
  -25  -20 262 260 257 254 250 255 261 269 277 282 278 265
  -20  -15 257 255 254 250 245 248 254 261 267 274 271 260
  -15  -10 252 252 252 249 244 245 250 256 263 269 266 257
  -10   -5 247 250 252 249 244 247 254 259 265 268 262 253
   -5    0 242 248 252 250 245 252 260 265 268 268 260 251
    0    5 241 248 254 253 249 256 263 267 267 266 259 250
    5   10 242 251 258 259 256 261 266 268 266 264 258 248
   10   15 248 257 264 270 267 270 271 269 266 264 258 249
   15   20 256 266 273 279 278 278 275 270 267 263 260 251
   20   25 264 276 284 290 290 282 276 272 267 264 261 254
   25   30 276 283 297 304 299 287 279 276 269 264 264 262
   30   35 298 298 315 321 308 295 286 281 275 266 269 277
   35   40 325 322 337 341 323 307 294 287 281 271 277 297
   40   45 353 350 359 359 339 322 305 294 286 279 286 316
   45   50 371 377 377 370 353 336 317 305 291 290 299 332
   50   55 380 395 388 376 361 344 322 311 297 300 310 340
   55   60 380 403 392 377 364 346 325 311 302 310 317 345
   60   65 376 391 381 371 368 342 321 307 303 312 319   0
   65   70   0 366 363 362 368 336 315 301 299 309 321   0
   70   75   0 339 336 346 367 335 309 293 293 301   0   0
   75   80   0   0 294 323 364 333 299 280 289 291   0   0
   80   85   0   0 277 317 364 331 293 275 289   0   0   0
   85   90   0   0   0   0   0   0   0   0   0   0   0   0
